Czas,AbsSum,Sum
118.284,0.013934549481238845,-0.013934549481238845
118.285,0.011572435327902864,-0.011572435327902864
118.286,0.012264857529780127,-0.012264857529780127
118.287,0.01570412984774061,-0.01570412984774061
118.288,0.020894407536697468,-0.020894407536697468
118.289,0.026409931697411015,-0.026409931697411015
118.29,0.030766694441811016,-0.030766694441811016
118.291,0.03279974073992087,-0.03279974073992087
118.292,0.03194036824213231,-0.03194036824213231
118.293,0.02832097577403969,-0.02832097577403969
118.294,0.022688823044598516,-0.022688823044598516
118.295,0.01616632526071038,-0.01616632526071038
118.296,0.009937366198092601,-0.009937366198092601
118.297,0.004954397964244905,-0.004954397964244905
118.298,0.0017466143629318864,-0.0017466143629318864
118.299,0.0003715861657592745,-0.0003715861657592745
118.3,0.000504891797042939,-0.000504891797042939
118.301,0.0016203919135179268,-0.0016203919135179268
118.302,0.0031909742466027513,-0.0031909742466027513
118.303,0.004841905736445606,-0.004841905736445606
118.304,0.006413701605325506,-0.006413701605325506
118.305,0.00792852268443911,-0.00792852268443911
118.306,0.00948973047680135,-0.00948973047680135
118.307,0.01116581828480212,-0.01116581828480212
118.308,0.01291059573424358,-0.01291059573424358
118.309,0.01455226072221183,-0.01455226072221183
118.31,0.01585319872076496,-0.01585319872076496
118.311,0.016612420741761724,-0.016612420741761724
118.312,0.016765240450724472,-0.016765240450724472
118.313,0.016436719288645096,-0.016436719288645096
118.314,0.01592552266153069,-0.01592552266153069
118.315,0.015624766185366346,-0.015624766185366346
118.316,0.015913711371467243,-0.015913711371467243
118.317,0.017067095086798934,-0.017067095086798934
118.318,0.019221284949572315,-0.019221284949572315
118.319,0.02241050113232934,-0.02241050113232934
118.32,0.026652129238960764,-0.026652129238960764
118.321,0.03203212444411896,-0.03203212444411896
118.322,0.0387329080271781,-0.0387329080271781
118.323,0.04696345187935136,-0.04696345187935136
118.324,0.056790796985189074,-0.056790796985189074
118.325,0.06792066320231138,-0.06792066320231138
118.326,0.07951314995868064,-0.07951314995868064
118.327,0.09013015908269606,-0.09013015908269606
118.328,0.09788479589797072,-0.09788479589797072
118.329,0.10080330926262404,-0.10080330926262404
118.33,0.09733402318166928,-0.09733402318166928
118.331,0.08687065106923098,-0.08687065106923098
118.332,0.07012505543386649,-0.07012505543386649
118.333,0.049203557505313356,-0.049203557505313356
118.334,0.027311938616340625,-0.027311938616340625
118.335,0.008119977108895005,-0.008119977108895005
118.336,0.005074366811104847,0.005074366811104847
118.337,0.0101636852751259,0.0101636852751259
118.338,0.006798251110277542,0.006798251110277542
118.339,0.003478893816241113,-0.003478893816241113
118.34,0.017595390311834547,-0.017595390311834547
118.341,0.03173573324374357,-0.03173573324374357
118.342,0.04234620900882313,-0.04234620900882313
118.343,0.047081216606634446,-0.047081216606634446
118.344,0.04542017146251165,-0.04542017146251165
118.345,0.03877210391322583,-0.03877210391322583
118.346,0.03003030714247157,-0.03003030714247157
118.347,0.02269942441881556,-0.02269942441881556
118.348,0.01984403285892522,-0.01984403285892522
118.349,0.023162284905900332,-0.023162284905900332
118.35,0.032453323654757615,-0.032453323654757615
118.351,0.04563294950128016,-0.04563294950128016
118.352,0.059292482415024717,-0.059292482415024717
118.353,0.06963860869629568,-0.06963860869629568
118.354,0.0735437309171817,-0.0735437309171817
118.355,0.06940811335372687,-0.06940811335372687
118.356,0.057593584090460115,-0.057593584090460115
118.357,0.04031449831569811,-0.04031449831569811
118.358,0.021026615603062737,-0.021026615603062737
118.359,0.0034930295127577615,-0.0034930295127577615
118.36,0.009210337641411659,0.009210337641411659
118.361,0.015479709004524,0.015479709004524
118.362,0.015555390929701485,0.015555390929701485
118.363,0.011394895831821072,0.011394895831821072
118.364,0.006095299226738238,0.006095299226738238
118.365,0.0030261853258637395,0.0030261853258637395
118.366,0.0048995954149495535,0.0048995954149495535
118.367,0.013007983831158976,0.013007983831158976
118.368,0.02680991663032617,0.02680991663032617
118.369,0.043953979598918336,0.043953979598918336
118.37,0.06072857674301302,0.06072857674301302
118.371,0.07283294268924223,0.07283294268924223
118.372,0.07630071170726094,0.07630071170726094
118.373,0.06838116068430322,0.06838116068430322
118.374,0.048195806891928594,0.048195806891928594
118.375,0.017034055063972264,0.017034055063972264
118.376,0.02177831502642502,-0.02177831502642502
118.377,0.06342153623055236,-0.06342153623055236
118.378,0.10243708881779279,-0.10243708881779279
118.379,0.13373079467188753,-0.13373079467188753
118.38,0.153520356235051,-0.153520356235051
118.381,0.16002510120559388,-0.16002510120559388
118.382,0.15374144092955366,-0.15374144092955366
118.383,0.13723338602049218,-0.13723338602049218
118.384,0.11447783380729482,-0.11447783380729482
118.385,0.0899142214186337,-0.0899142214186337
118.386,0.06742835445703255,-0.06742835445703255
118.387,0.04952557828827475,-0.04952557828827475
118.388,0.036906306192893146,-0.036906306192893146
118.389,0.02855313051770203,-0.02855313051770203
118.39,0.02229846816999026,-0.02229846816999026
118.391,0.015703740365550223,-0.015703740365550223
118.392,0.0069870041972153185,-0.0069870041972153185
118.393,0.0042830867035075215,0.0042830867035075215
118.394,0.016943302266078764,0.016943302266078764
118.395,0.02852388338871026,0.02852388338871026
118.396,0.03598704537254149,0.03598704537254149
118.397,0.036691812072862096,0.036691812072862096
118.398,0.029285409646492067,0.029285409646492067
118.399,0.014238709063457922,0.014238709063457922
118.4,0.006149861211823482,-0.006149861211823482
118.401,0.02829335707084446,-0.02829335707084446
118.402,0.048240191944279975,-0.048240191944279975
118.403,0.06270429615914463,-0.06270429615914463
118.404,0.06989087955068729,-0.06989087955068729
118.405,0.06987378152362,-0.06987378152362
118.406,0.06442392349485004,-0.06442392349485004
118.407,0.056361503337776675,-0.056361503337776675
118.408,0.04865050428802975,-0.04865050428802975
118.409,0.04352567098464777,-0.04352567098464777
118.41,0.04191767396742263,-0.04191767396742263
118.411,0.04333267126670581,-0.04333267126670581
118.412,0.04618721508461743,-0.04618721508461743
118.413,0.04845219421485347,-0.04845219421485347
118.414,0.04836957601219771,-0.04836957601219771
118.415,0.04500099006502045,-0.04500099006502045
118.416,0.038444902960905636,-0.038444902960905636
118.417,0.029687674109981188,-0.029687674109981188
118.418,0.02018482731738558,-0.02018482731738558
118.419,0.011355224271012654,-0.011355224271012654
118.42,0.0041835172341245785,-0.0041835172341245785
118.421,0.0009353459223442329,0.0009353459223442329
118.422,0.004084519030125744,0.004084519030125744
118.423,0.005533235567761086,0.005533235567761086
118.424,0.0054217304669887945,0.0054217304669887945
118.425,0.003583001625276916,0.003583001625276916
118.426,0.00040423285139712384,-0.00040423285139712384
118.427,0.006943524221944775,-0.006943524221944775
118.428,0.01604563265974379,-0.01604563265974379
118.429,0.02702453461525056,-0.02702453461525056
118.43,0.03842532264988807,-0.03842532264988807
118.431,0.048262351565857786,-0.048262351565857786
118.432,0.05452428932945297,-0.05452428932945297
118.433,0.055788576948885504,-0.055788576948885504
118.434,0.051727073745447716,-0.051727073745447716
118.435,0.043304511813601065,-0.043304511813601065
118.436,0.03256901339600504,-0.03256901339600504
118.437,0.022076500887913797,-0.022076500887913797
118.438,0.014126816136199816,-0.014126816136199816
118.439,0.01006735241224721,-0.01006735241224721
118.44,0.00990810941225273,-0.00990810941225273
118.441,0.012390665292277614,-0.012390665292277614
118.442,0.015496251282543949,-0.015496251282543949
118.443,0.017220469548791084,-0.017220469548791084
118.444,0.016341837065524945,-0.016341837065524945
118.445,0.012906742962242257,-0.012906742962242257
118.446,0.008249156837134342,-0.008249156837134342
118.447,0.004527555666745675,-0.004527555666745675
118.448,0.00393625000395581,-0.00393625000395581
118.449,0.007870421300514296,-0.007870421300514296
118.45,0.016348120382149056,-0.016348120382149056
118.451,0.027907196947872803,-0.027907196947872803
118.452,0.040028978985144126,-0.040028978985144126
118.453,0.04995176789870903,-0.04995176789870903
118.454,0.055593531825037346,-0.055593531825037346
118.455,0.056257322413700406,-0.056257322413700406
118.456,0.052863400837835806,-0.052863400837835806
118.457,0.04761578322974702,-0.04761578322974702
118.458,0.04321091492536999,-0.04321091492536999
118.459,0.0418614939592189,-0.0418614939592189
118.46,0.04447942323203158,-0.04447942323203158
118.461,0.0503116536198962,-0.0503116536198962
118.462,0.05716732028451266,-0.05716732028451266
118.463,0.06216774156595506,-0.06216774156595506
118.464,0.06276512724640226,-0.06276512724640226
118.465,0.05767709721370695,-0.05767709721370695
118.466,0.04740806888883986,-0.04740806888883986
118.467,0.03416796633520813,-0.03416796633520813
118.468,0.02120561388944775,-0.02120561388944775
118.469,0.011776755510556014,-0.011776755510556014
118.47,0.008094320447088355,-0.008094320447088355
118.471,0.010616798143150197,-0.010616798143150197
118.472,0.01791643212341698,-0.01791643212341698
118.473,0.027171919390707622,-0.027171919390707622
118.474,0.035118444041858154,-0.035118444041858154
118.475,0.03913390053523025,-0.03913390053523025
118.476,0.038096249840159024,-0.038096249840159024
118.477,0.03272695327274899,-0.03272695327274899
118.478,0.025310642122365112,-0.025310642122365112
118.479,0.018890918045034732,-0.018890918045034732
118.48,0.016215172033081204,-0.016215172033081204
118.481,0.018780283841407397,-0.018780283841407397
118.482,0.026291877524328933,-0.026291877524328933
118.483,0.036708687904638326,-0.036708687904638326
118.484,0.04685032611470363,-0.04685032611470363
118.485,0.0533666576691203,-0.0533666576691203
118.486,0.05375841721414076,-0.05375841721414076
118.487,0.04713362020367273,-0.04713362020367273
118.488,0.03447920266602722,-0.03447920266602722
118.489,0.018386085846379796,-0.018386085846379796
118.49,0.002333992684898978,-0.002333992684898978
118.491,0.010233879736631701,0.010233879736631701
118.492,0.016772037320568423,0.016772037320568423
118.493,0.016197485671599177,0.016197485671599177
118.494,0.0090327329530695,0.0090327329530695
118.495,0.0028666541475480534,-0.0028666541475480534
118.496,0.0168799362794958,-0.0168799362794958
118.497,0.030300731898562527,-0.030300731898562527
118.498,0.040942002861431015,-0.040942002861431015
118.499,0.047529771307126656,-0.047529771307126656
118.5,0.04982611682478166,-0.04982611682478166
118.501,0.048499153798151506,-0.048499153798151506
118.502,0.04481311514986763,-0.04481311514986763
118.503,0.04023609087022162,-0.04023609087022162
118.504,0.036059561491351144,-0.036059561491351144
118.505,0.033103445356346795,-0.033103445356346795
118.506,0.03155453311619649,-0.03155453311619649
118.507,0.030961770455777415,-0.030961770455777415
118.508,0.030389293958068886,-0.030389293958068886
118.509,0.028703917085851183,-0.028703917085851183
118.51,0.024945449535584308,-0.024945449535584308
118.511,0.018698911881536828,-0.018698911881536828
118.512,0.010367259858527156,-0.010367259858527156
118.513,0.0012450760153608353,-0.0012450760153608353
118.514,0.006671906739310618,0.006671906739310618
118.515,0.01113962764350096,0.01113962764350096
118.516,0.010293779631088906,0.010293779631088906
118.517,0.0032890395325195776,0.0032890395325195776
118.518,0.009252717541284095,-0.009252717541284095
118.519,0.025163429986759134,-0.025163429986759134
118.52,0.04110707673988556,-0.04110707673988556
118.521,0.05336658768799485,-0.05336658768799485
118.522,0.05884889569790652,-0.05884889569790652
118.523,0.056019565201689936,-0.056019565201689936
118.524,0.04546517967538111,-0.04546517967538111
118.525,0.02986888084945638,-0.02986888084945638
118.526,0.013353751881937215,-0.013353751881937215
118.527,0.0003504190559274756,-0.0003504190559274756
118.528,0.005687064814810183,0.005687064814810183
118.529,0.003320067712619945,0.003320067712619945
118.53,0.006423337646734417,-0.006423337646734417
118.531,0.020353800272093547,-0.020353800272093547
118.532,0.0341115964970069,-0.0341115964970069
118.533,0.04354234893756437,-0.04354234893756437
118.534,0.046017691734712485,-0.046017691734712485
118.535,0.04126452756046772,-0.04126452756046772
118.536,0.03141836355342076,-0.03141836355342076
118.537,0.020270627446169476,-0.020270627446169476
118.538,0.01195324011883081,-0.01195324011883081
118.539,0.009502219796212352,-0.009502219796212352
118.54,0.013794201144711637,-0.013794201144711637
118.541,0.02323234778566008,-0.02323234778566008
118.542,0.0343065145902095,-0.0343065145902095
118.543,0.042850147171127895,-0.042850147171127895
118.544,0.04556729310569396,-0.04556729310569396
118.545,0.04129591909949826,-0.04129591909949826
118.546,0.03155019194881692,-0.03155019194881692
118.547,0.020123158668415186,-0.020123158668415186
118.548,0.011853627515909237,-0.011853627515909237
118.549,0.010956884471685191,-0.010956884471685191
118.55,0.019484382302023318,-0.019484382302023318
118.551,0.03645169083066757,-0.03645169083066757
118.552,0.05796087003247541,-0.05796087003247541
118.553,0.07831221585072512,-0.07831221585072512
118.554,0.09176261928098184,-0.09176261928098184
118.555,0.09435960551613876,-0.09435960551613876
118.556,0.08524181339894887,-0.08524181339894887
118.557,0.06696451204359,-0.06696451204359
118.558,0.04472844705989931,-0.04472844705989931
118.559,0.024754893295831137,-0.024754893295831137
118.56,0.0123358946280413,-0.0123358946280413
118.561,0.010198774401725896,-0.010198774401725896
118.562,0.017720031289555238,-0.017720031289555238
118.563,0.031240338455301386,-0.031240338455301386
118.564,0.04536518441794557,-0.04536518441794557
118.565,0.05480870547643113,-0.05480870547643113
118.566,0.05616142235289667,-0.05616142235289667
118.567,0.04899446506978833,-0.04899446506978833
118.568,0.03594101221594925,-0.03594101221594925
118.569,0.021741472873117007,-0.021741472873117007
118.57,0.011584982574347591,-0.011584982574347591
118.571,0.009310116073468988,-0.009310116073468988
118.572,0.016067067114923672,-0.016067067114923672
118.573,0.02988206141064953,-0.02988206141064953
118.574,0.046260094931451445,-0.046260094931451445
118.575,0.05961847999056691,-0.05961847999056691
118.576,0.06507582259124822,-0.06507582259124822
118.577,0.06001529205705125,-0.06001529205705125
118.578,0.04492730512830034,-0.04492730512830034
118.579,0.023280396709345674,-0.023280396709345674
118.58,0.00048480367488701326,-0.00048480367488701326
118.581,0.01770434053268244,0.01770434053268244
118.582,0.02683801870471636,0.02683801870471636
118.583,0.02498104327763695,0.02498104327763695
118.584,0.013143094374112207,0.013143094374112207
118.585,0.005143154204307221,-0.005143154204307221
118.586,0.024911474513341525,-0.024911474513341525
118.587,0.04115123037411017,-0.04115123037411017
118.588,0.05007599094851389,-0.05007599094851389
118.589,0.04993326902357109,-0.04993326902357109
118.59,0.041193014513425164,-0.041193014513425164
118.591,0.02615553408699356,-0.02615553408699356
118.592,0.008181050093277742,-0.008181050093277742
118.593,0.0091834214036699,0.0091834214036699
118.594,0.02292973449463065,0.02292973449463065
118.595,0.031016769043865633,0.031016769043865633
118.596,0.0324786842301652,0.0324786842301652
118.597,0.027296291893336155,0.027296291893336155
118.598,0.01616377232077304,0.01616377232077304
118.599,0.00026856584042156406,0.00026856584042156406
118.6,0.01885698091404009,-0.01885698091404009
118.601,0.03942352542241978,-0.03942352542241978
118.602,0.05947001955831055,-0.05947001955831055
118.603,0.07700775973366658,-0.07700775973366658
118.604,0.09024716165944235,-0.09024716165944235
118.605,0.09787396393164427,-0.09787396393164427
118.606,0.09929431068785266,-0.09929431068785266
118.607,0.09475578617550284,-0.09475578617550284
118.608,0.08528274008656156,-0.08528274008656156
118.609,0.07242789791879312,-0.07242789791879312
118.61,0.05791182633317782,-0.05791182633317782
118.611,0.04326703615978378,-0.04326703615978378
118.612,0.0296034077898939,-0.0296034077898939
118.613,0.017563954987314556,-0.017563954987314556
118.614,0.007462712549474393,-0.007462712549474393
118.615,0.0004789406477248015,0.0004789406477248015
118.616,0.005923048160322075,0.005923048160322075
118.617,0.008347574451916584,0.008347574451916584
118.618,0.00717385815306959,0.00717385815306959
118.619,0.0020536883684336704,0.0020536883684336704
118.62,0.006799165726304901,-0.006799165726304901
118.621,0.018385142976941937,-0.018385142976941937
118.622,0.03093074810345231,-0.03093074810345231
118.623,0.04218412034816876,-0.04218412034816876
118.624,0.04993506547116766,-0.04993506547116766
118.625,0.05260646606721231,-0.05260646606721231
118.626,0.04972130996320978,-0.04972130996320978
118.627,0.0420776840006033,-0.0420776840006033
118.628,0.031556098843717906,-0.031556098843717906
118.629,0.020607737403780968,-0.020607737403780968
118.63,0.011583489568839145,-0.011583489568839145
118.631,0.006120237622715519,-0.006120237622715519
118.632,0.004780584927335241,-0.004780584927335241
118.633,0.007051334765039607,-0.007051334765039607
118.634,0.011677491669264906,-0.011677491669264906
118.635,0.017190007484039316,-0.017190007484039316
118.636,0.022421331305477188,-0.022421331305477188
118.637,0.026817220825378407,-0.026817220825378407
118.638,0.03044063416290954,-0.03044063416290954
118.639,0.033690192578289424,-0.033690192578289424
118.64,0.036872507459614345,-0.036872507459614345
118.641,0.039828626024350555,-0.039828626024350555
118.642,0.04179504246315058,-0.04179504246315058
118.643,0.041585339373218844,-0.041585339373218844
118.644,0.0380451579185026,-0.0380451579185026
118.645,0.030612717200880657,-0.030612717200880657
118.646,0.01975796453322376,-0.01975796453322376
118.647,0.007101786693859524,-0.007101786693859524
118.648,0.004874399259474416,0.004874399259474416
118.649,0.013467345273603382,0.013467345273603382
118.65,0.016540654128123444,0.016540654128123444
118.651,0.013195194203584837,0.013195194203584837
118.652,0.004079639960461456,0.004079639960461456
118.653,0.008783113329247194,-0.008783113329247194
118.654,0.02261003561673436,-0.02261003561673436
118.655,0.034710965898270496,-0.034710965898270496
118.656,0.04328953234301314,-0.04328953234301314
118.657,0.04791496066969858,-0.04791496066969858
118.658,0.04950258758042547,-0.04950258758042547
118.659,0.04981673563157929,-0.04981673563157929
118.66,0.05068313087687848,-0.05068313087687848
118.661,0.053205444079712616,-0.053205444079712616
118.662,0.05728108906536544,-0.05728108906536544
118.663,0.061602994796472355,-0.061602994796472355
118.664,0.06415468808881453,-0.06415468808881453
118.665,0.06302056244523957,-0.06302056244523957
118.666,0.05721002131204267,-0.05721002131204267
118.667,0.04718002319521186,-0.04718002319521186
118.668,0.03484301325214045,-0.03484301325214045
118.669,0.02303125953319829,-0.02303125953319829
118.67,0.01458862850310172,-0.01458862850310172
118.671,0.011404111022145558,-0.011404111022145558
118.672,0.013734447361206104,-0.013734447361206104
118.673,0.0200714393821666,-0.0200714393821666
118.674,0.027623207383390413,-0.027623207383390413
118.675,0.033262487366166105,-0.033262487366166105
118.676,0.03462551079571485,-0.03462551079571485
118.677,0.03098299643071223,-0.03098299643071223
118.678,0.02357389927851017,-0.02357389927851017
118.679,0.015270420785993055,-0.015270420785993055
118.68,0.009668724318782407,-0.009668724318782407
118.681,0.00989613525975186,-0.00989613525975186
118.682,0.017524844208749557,-0.017524844208749557
118.683,0.031950467764753965,-0.031950467764753965
118.684,0.05044261241352366,-0.05044261241352366
118.685,0.06885590552711085,-0.06885590552711085
118.686,0.08277799871417324,-0.08277799871417324
118.687,0.08875618334756674,-0.08875618334756674
118.688,0.08522899686081864,-0.08522899686081864
118.689,0.07289446359207208,-0.07289446359207208
118.69,0.054432853574108875,-0.054432853574108875
118.691,0.0337041373913175,-0.0337041373913175
118.692,0.014691686269204918,-0.014691686269204918
118.693,0.0005181705246264379,-0.0005181705246264379
118.694,0.007193473930350969,0.007193473930350969
118.695,0.008475303482651464,0.008475303482651464
118.696,0.004710671342096351,0.004710671342096351
118.697,0.0019678881481742794,-0.0019678881481742794
118.698,0.009352975330582991,-0.009352975330582991
118.699,0.01570052338754524,-0.01570052338754524
118.7,0.020007678893193326,-0.020007678893193326
118.701,0.022017379874857856,-0.022017379874857856
118.702,0.022030634436432828,-0.022030634436432828
118.703,0.020651931122586897,-0.020651931122586897
118.704,0.018579009191125984,-0.018579009191125984
118.705,0.016490932128192637,-0.016490932128192637
118.706,0.015019704963377789,-0.015019704963377789
118.707,0.014743864997315503,-0.014743864997315503
118.708,0.01613818374591547,-0.01613818374591547
118.709,0.019451435514164728,-0.019451435514164728
118.71,0.024543545974048953,-0.024543545974048953
118.711,0.030763150529987016,-0.030763150529987016
118.712,0.03695898701251987,-0.03695898701251987
118.713,0.04168217310793598,-0.04168217310793598
118.714,0.04356201903206969,-0.04356201903206969
118.715,0.04175507385678301,-0.04175507385678301
118.716,0.03631212143469964,-0.03631212143469964
118.717,0.0283090955191152,-0.0283090955191152
118.718,0.019652668109157556,-0.019652668109157556
118.719,0.012581125694131168,-0.012581125694131168
118.72,0.008997370134896876,-0.008997370134896876
118.721,0.009848534546740173,-0.009848534546740173
118.722,0.01477205581858565,-0.01477205581858565
118.723,0.022152602294460588,-0.022152602294460588
118.724,0.029599768594293807,-0.029599768594293807
118.725,0.034708491107400485,-0.034708491107400485
118.726,0.035856206667136736,-0.035856206667136736
118.727,0.032764607554647385,-0.032764607554647385
118.728,0.026623244412175007,-0.026623244412175007
118.729,0.019716682622712756,-0.019716682622712756
118.73,0.01466773390110876,-0.01466773390110876
118.731,0.013546383212074242,-0.013546383212074242
118.732,0.017147484193668072,-0.017147484193668072
118.733,0.024688776182676953,-0.024688776182676953
118.734,0.03404002996362654,-0.03404002996362654
118.735,0.04241214097600754,-0.04241214097600754
118.736,0.04727532561711223,-0.04727532561711223
118.737,0.047194797901893404,-0.047194797901893404
118.738,0.0422995722829671,-0.0422995722829671
118.739,0.03422638074744078,-0.03422638074744078
118.74,0.025561917915701282,-0.025561917915701282
118.741,0.018978961921361948,-0.018978961921361948
118.742,0.016364765702986617,-0.016364765702986617
118.743,0.018237735720330495,-0.018237735720330495
118.744,0.023642673799708525,-0.023642673799708525
118.745,0.030544388948581136,-0.030544388948581136
118.746,0.036565622391706576,-0.036565622391706576
118.747,0.03979979546217427,-0.03979979546217427
118.748,0.039412151895013126,-0.039412151895013126
118.749,0.035828509090210736,-0.035828509090210736
118.75,0.030466094130409904,-0.030466094130409904
118.751,0.02512819725200932,-0.02512819725200932
118.752,0.021302585882729264,-0.021302585882729264
118.753,0.01963060345732892,-0.01963060345732892
118.754,0.019741480530068634,-0.019741480530068634
118.755,0.02050307660873485,-0.02050307660873485
118.756,0.02058027024276876,-0.02058027024276876
118.757,0.019075288192546225,-0.019075288192546225
118.758,0.015993649822937717,-0.015993649822937717
118.759,0.012345991931264177,-0.012345991931264177
118.76,0.009834582294142247,-0.009834582294142247
118.761,0.010231976027442746,-0.010231976027442746
118.762,0.014678845333180646,-0.014678845333180646
118.763,0.02316389942505126,-0.02316389942505126
118.764,0.03438734490658513,-0.03438734490658513
118.765,0.046072758225128574,-0.046072758225128574
118.766,0.055630424408510626,-0.055630424408510626
118.767,0.06094726911170678,-0.06094726911170678
118.768,0.061031169852344136,-0.061031169852344136
118.769,0.056287904220512885,-0.056287904220512885
118.77,0.04833886158416478,-0.04833886158416478
118.771,0.03944972769755817,-0.03944972769755817
118.772,0.03177602935365964,-0.03177602935365964
118.773,0.026692027399467078,-0.026692027399467078
118.774,0.024433858286532772,-0.024433858286532772
118.775,0.02416994251233162,-0.02416994251233162
118.776,0.024455067994107904,-0.024455067994107904
118.777,0.02388637928049675,-0.02388637928049675
118.778,0.021709652846866878,-0.021709652846866878
118.779,0.018147309035353776,-0.018147309035353776
118.78,0.01432621987599414,-0.01432621987599414
118.781,0.011833885124330812,-0.011833885124330812
118.782,0.01207072906430029,-0.01207072906430029
118.783,0.0156434241977067,-0.0156434241977067
118.784,0.022031421871124945,-0.022031421871124945
118.785,0.02966111166772545,-0.02966111166772545
118.786,0.03637475673777146,-0.03637475673777146
118.787,0.0401377021449818,-0.0401377021449818
118.788,0.039738873669249664,-0.039738873669249664
118.789,0.035237809361163275,-0.035237809361163275
118.79,0.027996885544206873,-0.027996885544206873
118.791,0.020279636191518624,-0.020279636191518624
118.792,0.014545011375738714,-0.014545011375738714
118.793,0.012671174377846484,-0.012671174377846484
118.794,0.015365549326561312,-0.015365549326561312
118.795,0.02195340621541997,-0.02195340621541997
118.796,0.0306087893893765,-0.0306087893893765
118.797,0.038944080293669026,-0.038944080293669026
118.798,0.04475838388369224,-0.04475838388369224
118.799,0.04669858009828454,-0.04669858009828454
118.8,0.04462372520959823,-0.04462372520959823
118.801,0.0395683056563807,-0.0395683056563807
118.802,0.03333502689011747,-0.03333502689011747
118.803,0.02786706302082187,-0.02786706302082187
118.804,0.024614112664895438,-0.024614112664895438
118.805,0.024097545355360128,-0.024097545355360128
118.806,0.02580422950353345,-0.02580422950353345
118.807,0.02842496587079313,-0.02842496587079313
118.808,0.030341377019793114,-0.030341377019793114
118.809,0.03019115557112595,-0.03019115557112595
118.81,0.027327235886409174,-0.027327235886409174
118.811,0.022032063393448875,-0.022032063393448875
118.812,0.015434376852018539,-0.015434376852018539
118.813,0.009171820295724942,-0.009171820295724942
118.814,0.004916893591143223,-0.004916893591143223
118.815,0.003914855292329822,-0.003914855292329822
118.816,0.006664870358503383,-0.006664870358503383
118.817,0.012820701634685183,-0.012820701634685183
118.818,0.021316067851903098,-0.021316067851903098
118.819,0.030656317481728146,-0.030656317481728146
118.82,0.03928046031134402,-0.03928046031134402
118.821,0.04589317961118111,-0.04589317961118111
118.822,0.04969096348064428,-0.04969096348064428
118.823,0.05044741190033608,-0.05044741190033608
118.824,0.048464862961144384,-0.048464862961144384
118.825,0.04443032643884037,-0.04443032643884037
118.826,0.03922722282217295,-0.03922722282217295
118.827,0.033751389796362385,-0.033751389796362385
118.828,0.028765889969781466,-0.028765889969781466
118.829,0.024811554750804543,-0.024811554750804543
118.83,0.022174714582288146,-0.022174714582288146
118.831,0.02090299162827647,-0.02090299162827647
118.832,0.02085438417292107,-0.02085438417292107
118.833,0.02176280526039165,-0.02176280526039165
118.834,0.023303626046958903,-0.023303626046958903
118.835,0.025145513775254424,-0.025145513775254424
118.836,0.026980488662276758,-0.026980488662276758
118.837,0.028532637903037172,-0.028532637903037172
118.838,0.02955558394284563,-0.02955558394284563
118.839,0.029835958769308335,-0.029835958769308335
118.84,0.02922042884385634,-0.02922042884385634
118.841,0.027674443970073015,-0.027674443970073015
118.842,0.0253628678397938,-0.0253628678397938
118.843,0.02272180210982766,-0.02272180210982766
118.844,0.020476614714015517,-0.020476614714015517
118.845,0.019562946252944857,-0.019562946252944857
118.846,0.020930471503346704,-0.020930471503346704
118.847,0.02525058088600285,-0.02525058088600285
118.848,0.03259704094789939,-0.03259704094789939
118.849,0.04220495476095165,-0.04220495476095165
118.85,0.05241969148907766,-0.05241969148907766
118.851,0.060913015311606644,-0.060913015311606644
118.852,0.06517105229104414,-0.06517105229104414
118.853,0.06316601096985719,-0.06316601096985719
118.854,0.05404026782653126,-0.05404026782653126
118.855,0.038589574975097296,-0.038589574975097296
118.856,0.01935471159933666,-0.01935471159933666
118.857,0.00022177310748727752,-0.00022177310748727752
118.858,0.014429176965125246,0.014429176965125246
118.859,0.020838855801363687,0.020838855801363687
118.86,0.016949656641349398,0.016949656641349398
118.861,0.0031273745834956568,0.0031273745834956568
118.862,0.017729422429696995,-0.017729422429696995
118.863,0.040785352323572166,-0.040785352323572166
118.864,0.06045684048697608,-0.06045684048697608
118.865,0.07189143622422911,-0.07189143622422911
118.866,0.07232481351780518,-0.07232481351780518
118.867,0.06191112177823488,-0.06191112177823488
118.868,0.043756471892409055,-0.043756471892409055
118.869,0.023110540837847027,-0.023110540837847027
118.87,0.005921858298295168,-0.005921858298295168
118.871,0.0028390349013767135,0.0028390349013767135
118.872,0.0006020839672340461,0.0006020839672340461
118.873,0.012056568913361598,-0.012056568913361598
118.874,0.03157325238489306,-0.03157325238489306
118.875,0.052419221140907024,-0.052419221140907024
118.876,0.06868691766822999,-0.06868691766822999
118.877,0.07577036345325872,-0.07577036345325872
118.878,0.0716436125929798,-0.0716436125929798
118.879,0.05736682083893507,-0.05736682083893507
118.88,0.036687688287155296,-0.036687688287155296
118.881,0.014881711547047427,-0.014881711547047427
118.882,0.0027988204647930726,0.0027988204647930726
118.883,0.012590067513946535,0.012590067513946535
118.884,0.013162693547794646,0.013162693547794646
118.885,0.005792211982683426,0.005792211982683426
118.886,0.006252418260117798,-0.006252418260117798
118.887,0.018865820863565252,-0.018865820863565252
118.888,0.028415861904848794,-0.028415861904848794
118.889,0.03278838714615895,-0.03278838714615895
118.89,0.031859640424654945,-0.031859640424654945
118.891,0.02729214324713225,-0.02729214324713225
118.892,0.021775336775385012,-0.021775336775385012
118.893,0.018004920384378953,-0.018004920384378953
118.894,0.017760035775352567,-0.017760035775352567
118.895,0.02137896972386888,-0.02137896972386888
118.896,0.027777959199443036,-0.027777959199443036
118.897,0.034961993629196386,-0.034961993629196386
118.898,0.040810194018804036,-0.040810194018804036
118.899,0.0438372756167249,-0.0438372756167249
118.9,0.04366074337073489,-0.04366074337073489
118.901,0.04102574024384653,-0.04102574024384653
118.902,0.03740834953770644,-0.03740834953770644
118.903,0.03437145311329215,-0.03437145311329215
118.904,0.032930505341230765,-0.032930505341230765
118.905,0.03317214224048637,-0.03317214224048637
118.906,0.03426468223999812,-0.03426468223999812
118.907,0.03484666258436153,-0.03484666258436153
118.908,0.03363488747504406,-0.03363488747504406
118.909,0.030010320811278524,-0.030010320811278524
118.91,0.02434864140343662,-0.02434864140343662
118.911,0.017958716700183674,-0.017958716700183674
118.912,0.012640815639154312,-0.012640815639154312
118.913,0.010022241259935005,-0.010022241259935005
118.914,0.010917268701780336,-0.010917268701780336
118.915,0.014957247702391041,-0.014957247702391041
118.916,0.020644434564169756,-0.020644434564169756
118.917,0.025831598578988313,-0.025831598578988313
118.918,0.028472560735638197,-0.028472560735638197
118.919,0.02738317773822163,-0.02738317773822163
118.92,0.022737104224787363,-0.022737104224787363
118.921,0.016103671787552787,-0.016103671787552787
118.922,0.0099895213825959,-0.0099895213825959
118.923,0.007018719127478867,-0.007018719127478867
118.924,0.009017906274055298,-0.009017906274055298
118.925,0.016316753959857877,-0.016316753959857877
118.926,0.027512407739787803,-0.027512407739787803
118.927,0.0397984178115548,-0.0397984178115548
118.928,0.04977245427856536,-0.04977245427856536
118.929,0.05447511629696811,-0.05447511629696811
118.93,0.05232919117848456,-0.05232919117848456
118.931,0.04367367392049715,-0.04367367392049715
118.932,0.03071276559448488,-0.03071276559448488
118.933,0.016886334250680313,-0.016886334250680313
118.934,0.005854164373100046,-0.005854164373100046
118.935,0.0004109550036014431,-0.0004109550036014431
118.936,0.0016717743986163214,-0.0016717743986163214
118.937,0.008781308128122056,-0.008781308128122056
118.938,0.019233143363321492,-0.019233143363321492
118.939,0.029691948758023612,-0.029691948758023612
118.94,0.03705415625005459,-0.03705415625005459
118.941,0.03941158820153279,-0.03941158820153279
118.942,0.03661883688161116,-0.03661883688161116
118.943,0.030295534238693134,-0.030295534238693134
118.944,0.02327546312269968,-0.02327546312269968
118.945,0.01868706101933615,-0.01868706101933615
118.946,0.01895967659189579,-0.01895967659189579
118.947,0.025064004559279485,-0.025064004559279485
118.948,0.03621211973344429,-0.03621211973344429
118.949,0.05009219364272932,-0.05009219364272932
118.95,0.06354546932066707,-0.06354546932066707
118.951,0.07346205872882694,-0.07346205872882694
118.952,0.07761732658992304,-0.07761732658992304
118.953,0.07520553530618124,-0.07520553530618124
118.954,0.06693611088647133,-0.06693611088647133
118.955,0.05470150113554262,-0.05470150113554262
118.956,0.0409561261943876,-0.0409561261943876
118.957,0.02802234316264618,-0.02802234316264618
118.958,0.017540715195565215,-0.017540715195565215
118.959,0.010213152029473593,-0.010213152029473593
118.96,0.005876474462135239,-0.005876474462135239
118.961,0.003830746699936105,-0.003830746699936105
118.962,0.0032695596746449285,-0.0032695596746449285
118.963,0.0036418988571469413,-0.0036418988571469413
118.964,0.0048189656520376545,-0.0048189656520376545
118.965,0.007024736783169061,-0.007024736783169061
118.966,0.010583142022059455,-0.010583142022059455
118.967,0.015603269105775142,-0.015603269105775142
118.968,0.02174350795877167,-0.02174350795877167
118.969,0.028161123695027657,-0.028161123695027657
118.97,0.033680013130023,-0.033680013130023
118.971,0.03712454641813079,-0.03712454641813079
118.972,0.037702693837355694,-0.037702693837355694
118.973,0.03530020499665787,-0.03530020499665787
118.974,0.030576432308412893,-0.030576432308412893
118.975,0.024820320893862324,-0.024820320893862324
118.976,0.019607315848661933,-0.019607315848661933
118.977,0.016365201637596805,-0.016365201637596805
118.978,0.015985982400129828,-0.015985982400129828
118.979,0.018602743188871784,-0.018602743188871784
118.98,0.02359281223377674,-0.02359281223377674
118.981,0.029792870961384943,-0.029792870961384943
118.982,0.03584484486858808,-0.03584484486858808
118.983,0.04055609113816128,-0.04055609113816128
118.984,0.04316400237369755,-0.04316400237369755
118.985,0.043438622770909596,-0.043438622770909596
118.986,0.04161917932081538,-0.04161917932081538
118.987,0.038237675177296815,-0.038237675177296815
118.988,0.033914211038417186,-0.033914211038417186
118.989,0.029204646849169347,-0.029204646849169347
118.99,0.024545870508482892,-0.024545870508482892
118.991,0.020293576795318846,-0.020293576795318846
118.992,0.01680366745626538,-0.01680366745626538
118.993,0.014489441258899838,-0.014489441258899838
118.994,0.013800373407187094,-0.013800373407187094
118.995,0.015108579709835368,-0.015108579709835368
118.996,0.018538789517887566,-0.018538789517887566
118.997,0.023815086569722532,-0.023815086569722532
118.998,0.030205355649097432,-0.030205355649097432
118.999,0.03661638973910297,-0.03661638973910297
119.0,0.041837557309310935,-0.041837557309310935
119.001,0.04486918789010119,-0.04486918789010119
119.002,0.04522809998657795,-0.04522809998657795
119.003,0.04311641961533108,-0.04311641961533108
119.004,0.03937722192454374,-0.03937722192454374
119.005,0.03523121743365276,-0.03523121743365276
119.006,0.03186866748690509,-0.03186866748690509
119.007,0.030030515166514893,-0.030030515166514893
119.008,0.029728312950568547,-0.029728312950568547
119.009,0.030214640670686244,-0.030214640670686244
119.01,0.030234213351925554,-0.030234213351925554
119.011,0.028487322320865816,-0.028487322320865816
119.012,0.02415608396280733,-0.02415608396280733
119.013,0.01731043639047447,-0.01731043639047447
119.014,0.009039798896561368,-0.009039798896561368
119.015,0.001241163590565475,-0.001241163590565475
119.016,0.003891663580097182,0.003891663580097182
119.017,0.004528229753981483,0.004528229753981483
119.018,0.00019717733095725443,-0.00019717733095725443
119.019,0.009841689084979732,-0.009841689084979732
119.02,0.02268944452199395,-0.02268944452199395
119.021,0.03616820949379118,-0.03616820949379118
119.022,0.04752469380480029,-0.04752469380480029
119.023,0.054550630284245005,-0.054550630284245005
119.024,0.05613412391166894,-0.05613412391166894
119.025,0.052468165257619326,-0.052468165257619326
119.026,0.04486181603096484,-0.04486181603096484
119.027,0.035231175483407595,-0.035231175483407595
119.028,0.02545203149562658,-0.02545203149562658
119.029,0.01679816528299316,-0.01679816528299316
119.03,0.009654079165295815,-0.009654079165295815
119.031,0.003590527925896536,-0.003590527925896536
119.032,0.0022396261426960162,0.0022396261426960162
119.033,0.008543536354750136,0.008543536354750136
119.034,0.015386930883391381,0.015386930883391381
119.035,0.02195040064171838,0.02195040064171838
119.036,0.026655161294602436,0.026655161294602436
119.037,0.02763815179593543,0.02763815179593543
119.038,0.023427152996606804,0.023427152996606804
119.039,0.013584900843152337,0.013584900843152337
119.04,0.0009137924260733676,-0.0009137924260733676
119.041,0.01773230740942311,-0.01773230740942311
119.042,0.03367723132857858,-0.03367723132857858
119.043,0.045537398434348564,-0.045537398434348564
119.044,0.05102097769566383,-0.05102097769566383
119.045,0.04950985156694898,-0.04950985156694898
119.046,0.042391663872337615,-0.042391663872337615
119.047,0.03284542336636842,-0.03284542336636842
119.048,0.025111909784176767,-0.025111909784176767
119.049,0.02342895475123663,-0.02342895475123663
119.05,0.030910178455015536,-0.030910178455015536
119.051,0.04866589871312732,-0.04866589871312732
119.052,0.0754021298529598,-0.0754021298529598
119.053,0.10760712179039567,-0.10760712179039567
119.054,0.14028114103329203,-0.14028114103329203
119.055,0.16802644063258987,-0.16802644063258987
119.056,0.18622669903267852,-0.18622669903267852
119.057,0.19202919024179987,-0.19202919024179987
119.058,0.18489934273944097,-0.18489934273944097
119.059,0.16662852516921545,-0.16662852516921545
119.06,0.14081183615748905,-0.14081183615748905
119.061,0.11193933502488462,-0.11193933502488462
119.062,0.08433183382831677,-0.08433183382831677
119.063,0.0611821001199232,-0.0611821001199232
119.064,0.04392917337412905,-0.04392917337412905
119.065,0.03210677006746965,-0.03210677006746965
119.066,0.023687392707565147,-0.023687392707565147
119.067,0.01581983665540576,-0.01581983665540576
119.068,0.005758750182842665,-0.005758750182842665
119.069,0.008264619923552097,0.008264619923552097
119.07,0.026467297853594696,0.026467297853594696
119.071,0.047394885166086365,0.047394885166086365
119.072,0.06829407086659245,0.06829407086659245
119.073,0.08587555224596177,0.08587555224596177
119.074,0.09724927360674629,0.09724927360674629
119.075,0.10075505680031593,0.10075505680031593
119.076,0.09643228423423644,0.09643228423423644
119.077,0.08597256687370392,0.08597256687370392
119.078,0.07215491365811988,0.07215491365811988
119.079,0.05792936438820062,0.05792936438820062
119.08,0.04543969312409346,0.04543969312409346
119.081,0.0353140852847591,0.0353140852847591
119.082,0.02648405246223029,0.02648405246223029
119.083,0.0166294286198716,0.0166294286198716
119.084,0.0031374072345871085,0.0031374072345871085
119.085,0.015726425991437476,-0.015726425991437476
119.086,0.0398397868384488,-0.0398397868384488
119.087,0.06681402634538025,-0.06681402634538025
119.088,0.09236574636873884,-0.09236574636873884
119.089,0.11142819042834451,-0.11142819042834451
119.09,0.11969560844891247,-0.11969560844891247
119.091,0.11510897256471742,-0.11510897256471742
119.092,0.09875965583089263,-0.09875965583089263
119.093,0.07483520496415408,-0.07483520496415408
119.094,0.049524347784313694,-0.049524347784313694
119.095,0.02914918838342695,-0.02914918838342695
119.096,0.018085190264624296,-0.018085190264624296
119.097,0.017157612198815175,-0.017157612198815175
119.098,0.02310748743663793,-0.02310748743663793
119.099,0.02941384473228026,-0.02941384473228026
119.1,0.028327893054891695,-0.028327893054891695
119.101,0.013555171770628927,-0.013555171770628927
119.102,0.01724414169236299,0.01724414169236299
119.103,0.06097731208419788,0.06097731208419788
119.104,0.10923750559328749,0.10923750559328749
119.105,0.15011839580305208,0.15011839580305208
119.106,0.1712865509255046,0.1712865509255046
119.107,0.16344497901329103,0.16344497901329103
119.108,0.12314972010411185,0.12314972010411185
119.109,0.054095756041852905,0.054095756041852905
119.11,0.03356706637693618,-0.03356706637693618
119.111,0.12572655475404737,-0.12572655475404737
119.112,0.20788113107972273,-0.20788113107972273
119.113,0.2687194611680689,-0.2687194611680689
119.114,0.30262701592961516,-0.30262701592961516
119.115,0.3103833124926717,-0.3103833124926717
119.116,0.2978999966205804,-0.2978999966205804
119.117,0.2734889964512167,-0.2734889964512167
119.118,0.2446295000844546,-0.2446295000844546
119.119,0.215359423695492,-0.215359423695492
119.12,0.18519377077103238,-0.18519377077103238
119.121,0.14993874370914584,-0.14993874370914584
119.122,0.10410323249644071,-0.10410323249644071
119.123,0.044034008490092647,-0.044034008490092647
119.124,0.029383354231303782,0.029383354231303782
119.125,0.1095049460187445,0.1095049460187445
119.126,0.1847596342223219,0.1847596342223219
119.127,0.24140895750834757,0.24140895750834757
119.128,0.2674392592886594,0.2674392592886594
119.129,0.256360611978417,0.256360611978417
119.13,0.20965533095803712,0.20965533095803712
119.131,0.1370052148779488,0.1370052148779488
119.132,0.05411235162337502,0.05411235162337502
119.133,0.02130725092592589,-0.02130725092592589
119.134,0.07418489930484395,-0.07418489930484395
119.135,0.09601775310291127,-0.09601775310291127
119.136,0.08686665409444949,-0.08686665409444949
119.137,0.054850916936227234,-0.054850916936227234
119.138,0.013337542506073996,-0.013337542506073996
119.139,0.02326579774276505,0.02326579774276505
119.14,0.04378942107488992,0.04378942107488992
119.141,0.04333909159386384,0.04333909159386384
119.142,0.02420805276707938,0.02420805276707938
119.143,0.005520691466967986,-0.005520691466967986
119.144,0.035126377871361525,-0.035126377871361525
119.145,0.05506138928470061,-0.05506138928470061
119.146,0.06015501514777777,-0.06015501514777777
119.147,0.05118750682295914,-0.05118750682295914
119.148,0.03437831841206673,-0.03437831841206673
119.149,0.019028077780037678,-0.019028077780037678
119.15,0.014148868117722091,-0.014148868117722091
119.151,0.025222346339566104,-0.025222346339566104
119.152,0.05215157563727646,-0.05215157563727646
119.153,0.08905786460261045,-0.08905786460261045
119.154,0.1259648976238269,-0.1259648976238269
119.155,0.15181197914773392,-0.15181197914773392
119.156,0.157837127519737,-0.157837127519737
119.157,0.14028646310261994,-0.14028646310261994
119.158,0.10164887969124492,-0.10164887969124492
119.159,0.05009015987131171,-0.05009015987131171
119.16,0.002692922526058794,0.002692922526058794
119.161,0.044532497560429096,0.044532497560429096
119.162,0.06587989245764136,0.06587989245764136
119.163,0.06209823138812931,0.06209823138812931
119.164,0.03441458024250865,0.03441458024250865
119.165,0.010604804562089898,-0.010604804562089898
119.166,0.06279758432470595,-0.06279758432470595
119.167,0.11083541746554859,-0.11083541746554859
119.168,0.14471588017256087,-0.14471588017256087
119.169,0.15776977882079601,-0.15776977882079601
119.17,0.14783149617993585,-0.14783149617993585
119.171,0.11745081939327684,-0.11745081939327684
119.172,0.07322319957773815,-0.07322319957773815
119.173,0.024444077530709096,-0.024444077530709096
119.174,0.018649092343539397,0.018649092343539397
119.175,0.04677162197938278,0.04677162197938278
119.176,0.053352428977266664,0.053352428977266664
119.177,0.03589633742243503,0.03589633742243503
119.178,0.0033013438552681462,-0.0033013438552681462
119.179,0.05728711319482316,-0.05728711319482316
119.18,0.11551728570900877,-0.11551728570900877
119.181,0.1657744234547981,-0.1657744234547981
119.182,0.19663055835011334,-0.19663055835011334
119.183,0.19996232284883142,-0.19996232284883142
119.184,0.17292388628451016,-0.17292388628451016
119.185,0.11883675055997989,-0.11883675055997989
119.186,0.04667696884405026,-0.04667696884405026
119.187,0.030811225286472066,0.030811225286472066
119.188,0.09996432119961396,0.09996432119961396
119.189,0.14930265448741742,0.14930265448741742
119.19,0.17207101017736282,0.17207101017736282
119.191,0.16753120862898152,0.16753120862898152
119.192,0.14066671443805623,0.14066671443805623
119.193,0.10042014042317282,0.10042014042317282
119.194,0.05701725713668648,0.05701725713668648
119.195,0.019194992141282174,0.019194992141282174
119.196,0.007843476558448526,-0.007843476558448526
119.197,0.023181070386844693,-0.023181070386844693
119.198,0.029518068062125757,-0.029518068062125757
119.199,0.03142362062683468,-0.03142362062683468
119.2,0.03319251598586159,-0.03319251598586159
119.201,0.03709287317673837,-0.03709287317673837
119.202,0.04261552602212293,-0.04261552602212293
119.203,0.046949282072521026,-0.046949282072521026
119.204,0.04644693250386178,-0.04644693250386178
119.205,0.03847994493816498,-0.03847994493816498
119.206,0.022937614271891893,-0.022937614271891893
119.207,0.002760890520295378,-0.002760890520295378
119.208,0.0167361357318494,0.0167361357318494
119.209,0.02954496178291599,0.02954496178291599
119.21,0.031042536781120678,0.031042536781120678
119.211,0.019702698899513926,0.019702698899513926
119.212,0.002217461247407182,-0.002217461247407182
119.213,0.02931271344747033,-0.02931271344747033
119.214,0.05480272211486614,-0.05480272211486614
119.215,0.07283391568825215,-0.07283391568825215
119.216,0.08048789232634024,-0.08048789232634024
119.217,0.07875682965008779,-0.07875682965008779
119.218,0.07210250165979482,-0.07210250165979482
119.219,0.06672212832356639,-0.06672212832356639
119.22,0.06812077369978853,-0.06812077369978853
119.221,0.0788623109694524,-0.0788623109694524
119.222,0.09733477552023517,-0.09733477552023517
119.223,0.11802587347248394,-0.11802587347248394
119.224,0.1332747809495941,-0.1332747809495941
119.225,0.13593231714840015,-0.13593231714840015
119.226,0.12201421922936995,-0.12201421922936995
119.227,0.09240043810949206,-0.09240043810949206
119.228,0.05293652208285293,-0.05293652208285293
119.229,0.012832276666471354,-0.012832276666471354
119.23,0.0181564078607106,0.0181564078607106
119.231,0.03284043764722755,0.03284043764722755
119.232,0.02895666255776863,0.02895666255776863
119.233,0.009957963924186908,0.009957963924186908
119.234,0.016063534920280564,-0.016063534920280564
119.235,0.038990775164026825,-0.038990775164026825
119.236,0.04998178857702462,-0.04998178857702462
119.237,0.04436582414590373,-0.04436582414590373
119.238,0.02317557408640314,-0.02317557408640314
119.239,0.0071905913511403075,0.0071905913511403075
119.24,0.037058574456670046,0.037058574456670046
119.241,0.0566211273408177,0.0566211273408177
119.242,0.059090639557493496,0.059090639557493496
119.243,0.04282961274777719,0.04282961274777719
119.244,0.011781494946326188,0.011781494946326188
119.245,0.02589988664027154,-0.02589988664027154
119.246,0.06052621215833964,-0.06052621215833964
119.247,0.08394192050663118,-0.08394192050663118
119.248,0.0919679433237961,-0.0919679433237961
119.249,0.08544899562751584,-0.08544899562751584
119.25,0.06962466938246481,-0.06962466938246481
119.251,0.05211390276582639,-0.05211390276582639
119.252,0.04025177280838055,-0.04025177280838055
119.253,0.03869805477310484,-0.03869805477310484
119.254,0.04809705497651495,-0.04809705497651495
119.255,0.0651687230822453,-0.0651687230822453
119.256,0.08410071645107497,-0.08410071645107497
119.257,0.09867189128817433,-0.09867189128817433
119.258,0.10432004761141778,-0.10432004761141778
119.259,0.09943760772576937,-0.09943760772576937
119.26,0.08550071055127251,-0.08550071055127251
119.261,0.0660844301504685,-0.0660844301504685
119.262,0.04522330293851773,-0.04522330293851773
119.263,0.025795858253541026,-0.025795858253541026
119.264,0.0085701356094664,-0.0085701356094664
119.265,0.007733018387484858,0.007733018387484858
119.266,0.025411335011604974,0.025411335011604974
119.267,0.04622320368084876,0.04622320368084876
119.268,0.06995115443158939,0.06995115443158939
119.269,0.09370366972254085,0.09370366972254085
119.27,0.11230226743236082,0.11230226743236082
119.271,0.11969365277154842,0.11969365277154842
119.272,0.11093191945075431,0.11093191945075431
119.273,0.084038961072888,0.084038961072888
119.274,0.04106167040585795,0.04106167040585795
119.275,0.012097261009491267,-0.012097261009491267
119.276,0.0670806384895799,-0.0670806384895799
119.277,0.11528555706426546,-0.11528555706426546
119.278,0.15016457502186753,-0.15016457502186753
119.279,0.1688581574423912,-0.1688581574423912
119.28,0.1726155809328952,-0.1726155809328952
119.281,0.16587148292766052,-0.16587148292766052
119.282,0.15430676783026986,-0.15430676783026986
119.283,0.14257626816194402,-0.14257626816194402
119.284,0.13250780490523895,-0.13250780490523895
119.285,0.12242300465534761,-0.12242300465534761
119.286,0.10784865601585802,-0.10784865601585802
119.287,0.08340576661499666,-0.08340576661499666
119.288,0.04524426029467066,-0.04524426029467066
119.289,0.006822561490665846,0.006822561490665846
119.29,0.0682625477951746,0.0682625477951746
119.291,0.13029627018333345,0.13029627018333345
119.292,0.18185419185850593,0.18185419185850593
119.293,0.21248759045451537,0.21248759045451537
119.294,0.21536960203934252,0.21536960203934252
119.295,0.18945891923091485,0.18945891923091485
119.296,0.14012681931104187,0.14012681931104187
119.297,0.07799955985907481,0.07799955985907481
119.298,0.016303441912544958,0.016303441912544958
119.299,0.0325465346796604,-0.0325465346796604
119.3,0.06014124896170181,-0.06014124896170181
119.301,0.06414195624826713,-0.06414195624826713
119.302,0.048634045447889074,-0.048634045447889074
119.303,0.02269260365201986,-0.02269260365201986
119.304,0.0023965938032137757,0.0023965938032137757
119.305,0.016434033494295397,0.016434033494295397
119.306,0.013161710412756378,0.013161710412756378
119.307,0.008130846611136833,-0.008130846611136833
119.308,0.04267070253535998,-0.04267070253535998
119.309,0.08185522578873983,-0.08185522578873983
119.31,0.11594968371659631,-0.11594968371659631
119.311,0.1369916222081462,-0.1369916222081462
119.312,0.1410300941445518,-0.1410300941445518
119.313,0.12905437361264183,-0.12905437361264183
119.314,0.10638160875770564,-0.10638160875770564
119.315,0.08074782775616973,-0.08074782775616973
119.316,0.05973769297845377,-0.05973769297845377
119.317,0.048378343326870965,-0.048378343326870965
119.318,0.04765621447740409,-0.04765621447740409
119.319,0.054415309574091575,-0.054415309574091575
119.32,0.06265418867004613,-0.06265418867004613
119.321,0.06579284563650434,-0.06579284563650434
119.322,0.05916742844485179,-0.05916742844485179
119.323,0.04192847899804919,-0.04192847899804919
119.324,0.017695220527551125,-0.017695220527551125
119.325,0.006296738773278854,0.006296738773278854
119.326,0.02134026017977253,0.02134026017977253
119.327,0.02005847634912583,0.02005847634912583
119.328,0.0010054258294592833,-0.0010054258294592833
119.329,0.03984649208857016,-0.03984649208857016
119.33,0.08904390358789305,-0.08904390358789305
119.331,0.13745884405186293,-0.13745884405186293
119.332,0.17313796510727464,-0.17313796510727464
119.333,0.18658845754809994,-0.18658845754809994
119.334,0.17345108274577736,-0.17345108274577736
119.335,0.1357566902022106,-0.1357566902022106
119.336,0.08136811599118376,-0.08136811599118376
119.337,0.021758929694711604,-0.021758929694711604
119.338,0.03120645770357111,0.03120645770357111
119.339,0.06851323497559147,0.06851323497559147
119.34,0.08626886383162957,0.08626886383162957
119.341,0.0863224363899735,0.0863224363899735
119.342,0.07507028339566024,0.07507028339566024
119.343,0.06087008957116846,0.06087008957116846
119.344,0.05093832131393472,0.05093832131393472
119.345,0.04877794778162037,0.04877794778162037
119.346,0.05301275746699741,0.05301275746699741
119.347,0.05803951368181015,0.05803951368181015
119.348,0.05629667854876086,0.05629667854876086
119.349,0.04138842685312061,0.04138842685312061
119.35,0.010983668892841747,0.010983668892841747
119.351,0.03155404013392904,-0.03155404013392904
119.352,0.07745903309327318,-0.07745903309327318
119.353,0.11480518954064478,-0.11480518954064478
119.354,0.13206230572072664,-0.13206230572072664
119.355,0.12185691049547809,-0.12185691049547809
119.356,0.08370214103321216,-0.08370214103321216
119.357,0.02474137223729611,-0.02474137223729611
119.358,0.04184261875524875,0.04184261875524875
119.359,0.10035613659667186,0.10035613659667186
119.36,0.13702154473497719,0.13702154473497719
119.361,0.1439380583044596,0.1439380583044596
119.362,0.12131910307762195,0.12131910307762195
119.363,0.07726660024568721,0.07726660024568721
119.364,0.025112653188975598,0.025112653188975598
119.365,0.02086224301894979,-0.02086224301894979
119.366,0.04999036453173111,-0.04999036453173111
119.367,0.05859992099769262,-0.05859992099769262
119.368,0.051115734860065265,-0.051115734860065265
119.369,0.03848620513484091,-0.03848620513484091
119.37,0.03439519008493719,-0.03439519008493719
119.371,0.05043344822748452,-0.05043344822748452
119.372,0.0917563170099327,-0.0917563170099327
119.373,0.15462723721341454,-0.15462723721341454
119.374,0.22667792401454112,-0.22667792401454112
119.375,0.2898835054186486,-0.2898835054186486
119.376,0.3254161791066781,-0.3254161791066781
119.377,0.31896452920727825,-0.31896452920727825
119.378,0.26496432171620565,-0.26496432171620565
119.379,0.1685179402783663,-0.1685179402783663
119.38,0.04447246654333448,-0.04447246654333448
119.381,0.0860406809181049,0.0860406809181049
119.382,0.2005872072860626,0.2005872072860626
119.383,0.28053166101751015,0.28053166101751015
119.384,0.3149064898409142,0.3149064898409142
119.385,0.3021359551139069,0.3021359551139069
119.386,0.24937594641427352,0.24937594641427352
119.387,0.16991460614136744,0.16991460614136744
119.388,0.07956224962704272,0.07956224962704272
119.389,0.006888533663761742,-0.006888533663761742
119.39,0.07824395411027407,-0.07824395411027407
119.391,0.12807926929367885,-0.12807926929367885
119.392,0.15455522666225263,-0.15455522666225263
119.393,0.1593393501845488,-0.1593393501845488
119.394,0.1462603453003627,-0.1462603453003627
119.395,0.12023200938876122,-0.12023200938876122
119.396,0.08669904015099539,-0.08669904015099539
119.397,0.05151721818153754,-0.05151721818153754
119.398,0.020932431490717107,-0.020932431490717107
119.399,0.0012690986624311895,-0.0012690986624311895
119.4,0.00190300489471662,0.00190300489471662
119.401,0.014945130370856319,-0.014945130370856319
119.402,0.051940457570352705,-0.051940457570352705
119.403,0.10492774978369912,-0.10492774978369912
119.404,0.16558237176465718,-0.16558237176465718
119.405,0.22275332697680583,-0.22275332697680583
119.406,0.26485573791154005,-0.26485573791154005
119.407,0.28271948003191816,-0.28271948003191816
119.408,0.2720535653196484,-0.2720535653196484
119.409,0.23471358719531665,-0.23471358719531665
119.41,0.17827770338746984,-0.17827770338746984
119.411,0.11395561321293746,-0.11395561321293746
119.412,0.05340644541872208,-0.05340644541872208
119.413,0.005434574001610737,-0.005434574001610737
119.414,0.02637941971260771,0.02637941971260771
119.415,0.04432034674317609,0.04432034674317609
119.416,0.05520655107761474,0.05520655107761474
119.417,0.06749377675440438,0.06749377675440438
119.418,0.08777015495600105,0.08777015495600105
119.419,0.11784436980660784,0.11784436980660784
119.42,0.1534791984120436,0.1534791984120436
119.421,0.18530935971237406,0.18530935971237406
119.422,0.2017628205309887,0.2017628205309887
119.423,0.19311067613024058,0.19311067613024058
119.424,0.15533503172980123,0.15533503172980123
119.425,0.09248250366388211,0.09248250366388211
119.426,0.016587697106372756,0.016587697106372756
119.427,0.055011871357852016,-0.055011871357852016
119.428,0.10431677012771812,-0.10431677012771812
119.429,0.11794840443127652,-0.11794840443127652
119.43,0.09148429035424122,-0.09148429035424122
119.431,0.031467413176725856,-0.031467413176725856
119.432,0.04564392431374942,0.04564392431374942
119.433,0.11742939750375103,0.11742939750375103
119.434,0.16133989712537788,0.16133989712537788
119.435,0.16080813899536683,0.16080813899536683
119.436,0.10992044385863142,0.10992044385863142
119.437,0.015322578510940543,0.015322578510940543
119.438,0.10519085773175574,-0.10519085773175574
119.439,0.22702105276538742,-0.22702105276538742
119.44,0.32484718201999674,-0.32484718201999674
119.441,0.3787902267355765,-0.3787902267355765
119.442,0.3790226620895536,-0.3790226620895536
119.443,0.3276685052827114,-0.3276685052827114
119.444,0.23762399584696892,-0.23762399584696892
119.445,0.12878220899193304,-0.12878220899193304
119.446,0.022817575746020946,-0.022817575746020946
119.447,0.06200402587642051,0.06200402587642051
119.448,0.11464366853046548,0.11464366853046548
119.449,0.13287623613116084,0.13287623613116084
119.45,0.1224715252051376,0.1224715252051376
119.451,0.09446800638278186,0.09446800638278186
119.452,0.06150437542137355,0.06150437542137355
119.453,0.034318717978591984,0.034318717978591984
119.454,0.019337391611264465,0.019337391611264465
119.455,0.017845304683271834,0.017845304683271834
119.456,0.026709995116365404,0.026709995116365404
119.457,0.040188863699963884,0.040188863699963884
119.458,0.05210647211901098,0.05210647211901098
119.459,0.05769598127573916,0.05769598127573916
119.46,0.0546214175789832,0.0546214175789832
119.461,0.04303748629139692,0.04303748629139692
119.462,0.024877115469024824,0.024877115469024824
119.463,0.0027765204344341043,0.0027765204344341043
119.464,0.020904136952064944,-0.020904136952064944
119.465,0.04462346417571683,-0.04462346417571683
119.466,0.06764542279733421,-0.06764542279733421
119.467,0.08958656050898439,-0.08958656050898439
119.468,0.10980628590740793,-0.10980628590740793
119.469,0.12696499419721152,-0.12696499419721152
119.47,0.1389892755012222,-0.1389892755012222
119.471,0.14351018415661865,-0.14351018415661865
119.472,0.13864733524573314,-0.13864733524573314
119.473,0.12386815325054079,-0.12386815325054079
119.474,0.10060585800452904,-0.10060585800452904
119.475,0.07238353081059568,-0.07238353081059568
119.476,0.04433958361374679,-0.04433958361374679
119.477,0.0222312667203296,-0.0222312667203296
119.478,0.011149726271042937,-0.011149726271042937
119.479,0.014266890765399332,-0.014266890765399332
119.48,0.031930458648920745,-0.031930458648920745
119.481,0.061336154196745984,-0.061336154196745984
119.482,0.09686624201030725,-0.09686624201030725
119.483,0.13103045207787456,-0.13103045207787456
119.484,0.1558177394023058,-0.1558177394023058
119.485,0.16419017124355273,-0.16419017124355273
119.486,0.15143305872047086,-0.15143305872047086
119.487,0.11611325883979107,-0.11611325883979107
119.488,0.06047631020748179,-0.06047631020748179
119.489,0.009784718003275517,0.009784718003275517
119.49,0.08634708791766221,0.08634708791766221
119.491,0.15952150469162674,0.15952150469162674
119.492,0.21974191602109094,0.21974191602109094
119.493,0.25902197926374093,0.25902197926374093
119.494,0.27212258623344154,0.27212258623344154
119.495,0.2572292208624751,0.2572292208624751
119.496,0.2160362101621074,0.2160362101621074
119.497,0.15325866645436603,0.15325866645436603
119.498,0.07571325248797067,0.07571325248797067
119.499,0.008806528333455299,-0.008806528333455299
119.5,0.09261152738370171,-0.09261152738370171
119.501,0.16895212258663317,-0.16895212258663317
119.502,0.23250688514141227,-0.23250688514141227
119.503,0.27954712070471577,-0.27954712070471577
119.504,0.30789880198899533,-0.30789880198899533
119.505,0.3168605977947264,-0.3168605977947264
119.506,0.30719596626874,-0.30719596626874
119.507,0.2812139589054917,-0.2812139589054917
119.508,0.24283157933747634,-0.24283157933747634
119.509,0.19742828022370573,-0.19742828022370573
119.51,0.15130960144461225,-0.15130960144461225
119.511,0.1107097843771504,-0.1107097843771504
119.512,0.08045585239046948,-0.08045585239046948
119.513,0.06262068542269394,-0.06262068542269394
119.514,0.05562267292473355,-0.05562267292473355
119.515,0.05420990649014934,-0.05420990649014934
119.516,0.05056845351697237,-0.05056845351697237
119.517,0.03645364967581832,-0.03645364967581832
119.518,0.005860373527783791,-0.005860373527783791
119.519,0.04254170996895401,0.04254170996895401
119.52,0.10405376877201888,0.10405376877201888
119.521,0.16830778149666314,0.16830778149666314
119.522,0.22150504190054643,0.22150504190054643
119.523,0.25009553764489456,0.25009553764489456
119.524,0.2449168720485475,0.2449168720485475
119.525,0.2045230219072054,0.2045230219072054
119.526,0.13653413274438586,0.13653413274438586
119.527,0.056343926694583324,0.056343926694583324
119.528,0.016692233198786766,-0.016692233198786766
119.529,0.06463268627868402,-0.06463268627868402
119.53,0.07632934706034,-0.07632934706034
119.531,0.051106727030500454,-0.051106727030500454
119.532,0.0005620719299672672,0.0005620719299672672
119.533,0.05981652824261685,0.05981652824261685
119.534,0.10495843716062869,0.10495843716062869
119.535,0.11818836307664848,0.11818836307664848
119.536,0.0914316159143509,0.0914316159143509
119.537,0.02931853923346628,0.02931853923346628
119.538,0.05180414782958309,-0.05180414782958309
119.539,0.1287189975963936,-0.1287189975963936
119.54,0.17865451626829576,-0.17865451626829576
119.541,0.18679662865337798,-0.18679662865337798
119.542,0.15153192844674535,-0.15153192844674535
119.543,0.08557925580874948,-0.08557925580874948
119.544,0.012430032982479577,-0.012430032982479577
119.545,0.04096085773958591,0.04096085773958591
119.546,0.05300658480241616,0.05300658480241616
119.547,0.015005387360790268,0.015005387360790268
119.548,0.06519344330599075,-0.06519344330599075
119.549,0.16475937202827529,-0.16475937202827529
119.55,0.25241323116538716,-0.25241323116538716
119.551,0.2980146290904616,-0.2980146290904616
119.552,0.28222576188996695,-0.28222576188996695
119.553,0.20314155939257472,-0.20314155939257472
119.554,0.07765807973485583,-0.07765807973485583
119.555,0.06301265654090438,0.06301265654090438
119.556,0.18240010405936924,0.18240010405936924
119.557,0.24962387256030039,0.24962387256030039
119.558,0.24862778119271423,0.24862778119271423
119.559,0.18286622318225954,0.18286622318225954
119.56,0.07394355953792964,0.07394355953792964
119.561,0.04535561929239429,-0.04535561929239429
119.562,0.14139854124542162,-0.14139854124542162
119.563,0.19006793252075294,-0.19006793252075294
119.564,0.18383030891627983,-0.18383030891627983
119.565,0.13327676622093454,-0.13327676622093454
119.566,0.06273065548478862,-0.06273065548478862
119.567,0.0014693010608864965,-0.0014693010608864965
119.568,0.026463246488448666,0.026463246488448666
119.569,0.010443514462739945,0.010443514462739945
119.57,0.0432466849983556,-0.0432466849983556
119.571,0.11373868245761365,-0.11373868245761365
119.572,0.17284413849362956,-0.17284413849362956
119.573,0.1947686007674596,-0.1947686007674596
119.574,0.1649803109356318,-0.1649803109356318
119.575,0.08527155034939127,-0.08527155034939127
119.576,0.026627690989951214,0.026627690989951214
119.577,0.14266719586860455,0.14266719586860455
119.578,0.23335494302195214,0.23335494302195214
119.579,0.2768709214310703,0.2768709214310703
119.58,0.2653831935601998,0.2653831935601998
119.581,0.20655888288165314,0.20655888288165314
119.582,0.11995238699298816,0.11995238699298816
119.583,0.029713003521538717,0.029713003521538717
119.584,0.043725293832910794,-0.043725293832910794
119.585,0.09004185714116286,-0.09004185714116286
119.586,0.1113472655411295,-0.1113472655411295
119.587,0.11976080382392051,-0.11976080382392051
119.588,0.13129869862254107,-0.13129869862254107
119.589,0.15843343059047166,-0.15843343059047166
119.59,0.20413344418673807,-0.20413344418673807
119.591,0.25963167145154675,-0.25963167145154675
119.592,0.3068085477948679,-0.3068085477948679
119.593,0.32440008613277216,-0.32440008613277216
119.594,0.29585003630481044,-0.29585003630481044
119.595,0.21600867281180391,-0.21600867281180391
119.596,0.0942539988470541,-0.0942539988470541
119.597,0.04716129605961705,0.04716129605961705
119.598,0.17908669608768135,0.17908669608768135
119.599,0.27383582962414454,0.27383582962414454
119.6,0.3131826053192872,0.3131826053192872
119.601,0.29337957928611913,0.29337957928611913
119.602,0.22561661231469476,0.22561661231469476
119.603,0.13188904901445975,0.13188904901445975
119.604,0.03777223650169104,0.03777223650169104
119.605,0.035422469254048905,-0.035422469254048905
119.606,0.07652861041592585,-0.07652861041592585
119.607,0.086637044844458,-0.086637044844458
119.608,0.0769958240290588,-0.0769958240290588
119.609,0.06370686324983721,-0.06370686324983721
119.61,0.06126477388679363,-0.06126477388679363
119.611,0.07725706263796417,-0.07725706263796417
119.612,0.10999363989700084,-0.10999363989700084
119.613,0.1496897315234451,-0.1496897315234451
119.614,0.1825247786903732,-0.1825247786903732
119.615,0.19591473585281027,-0.19591473585281027
119.616,0.18300658949969195,-0.18300658949969195
119.617,0.14481923094409732,-0.14481923094409732
119.618,0.08942508550679618,-0.08942508550679618
119.619,0.028705834639980554,-0.028705834639980554
119.62,0.02591077084315918,0.02591077084315918
119.621,0.06703564916957605,0.06703564916957605
119.622,0.09290613185530971,0.09290613185530971
119.623,0.10653349020774816,0.10653349020774816
119.624,0.11297960689374831,0.11297960689374831
119.625,0.11607787843597417,0.11607787843597417
119.626,0.11610024578521583,0.11610024578521583
119.627,0.10943254563024785,0.10943254563024785
119.628,0.0904361126916724,0.0904361126916724
119.629,0.054704710591080064,0.054704710591080064
119.63,0.00226953598638735,0.00226953598638735
119.631,0.06076085296077327,-0.06076085296077327
119.632,0.12306729193686428,-0.12306729193686428
119.633,0.17143358945118514,-0.17143358945118514
119.634,0.19540270395035986,-0.19540270395035986
119.635,0.1915041076520908,-0.1915041076520908
119.636,0.1652808069057219,-0.1652808069057219
119.637,0.13005327599457284,-0.13005327599457284
119.638,0.10254272727593816,-0.10254272727593816
119.639,0.0967085442281932,-0.0967085442281932
119.64,0.11796393918613446,-0.11796393918613446
119.641,0.15998492761596883,-0.15998492761596883
119.642,0.2055530830546407,-0.2055530830546407
119.643,0.2315093865135529,-0.2315093865135529
119.644,0.21641165322298972,-0.21641165322298972
119.645,0.14841564250219985,-0.14841564250219985
119.646,0.030648765671927425,-0.030648765671927425
119.647,0.11795457640498475,0.11795457640498475
119.648,0.2669408432390845,0.2669408432390845
119.649,0.38261899230294993,0.38261899230294993
119.65,0.4378125541772486,0.4378125541772486
119.651,0.419978105151404,0.419978105151404
119.652,0.3350401406683312,0.3350401406683312
119.653,0.2056478475689374,0.2056478475689374
119.654,0.06436890880559298,0.06436890880559298
119.655,0.05601028731061719,-0.05601028731061719
119.656,0.13197130372770793,-0.13197130372770793
119.657,0.155528408614502,-0.155528408614502
119.658,0.13536039270429423,-0.13536039270429423
119.659,0.09261874416896532,-0.09261874416896532
119.66,0.052976906297784065,-0.052976906297784065
119.661,0.03768205785267631,-0.03768205785267631
119.662,0.056613535398214676,-0.056613535398214676
119.663,0.10557778520312078,-0.10557778520312078
119.664,0.16856497274632942,-0.16856497274632942
119.665,0.22398787890823446,-0.22398787890823446
119.666,0.25260651219057695,-0.25260651219057695
119.667,0.24435101277560956,-0.24435101277560956
119.668,0.20173351202628909,-0.20173351202628909
119.669,0.13879107603983842,-0.13879107603983842
119.67,0.07607035372912041,-0.07607035372912041
119.671,0.03349937924055002,-0.03349937924055002
119.672,0.02364278709812362,-0.02364278709812362
119.673,0.047606961063370146,-0.047606961063370146
119.674,0.09486799204218632,-0.09486799204218632
119.675,0.1469146449641746,-0.1469146449641746
119.676,0.18332520606252867,-0.18332520606252867
119.677,0.1881642403169036,-0.1881642403169036
119.678,0.15461512084759244,-0.15461512084759244
119.679,0.08649967976117434,-0.08649967976117434
119.68,0.0035242334020708643,0.0035242334020708643
119.681,0.09817883119974824,0.09817883119974824
119.682,0.18058192112109905,0.18058192112109905
119.683,0.23836980883334347,0.23836980883334347
119.684,0.2657589875028332,0.2657589875028332
119.685,0.2632587235003425,0.2632587235003425
119.686,0.23562658431067662,0.23562658431067662
119.687,0.18920761345553205,0.18920761345553205
119.688,0.1298358749830737,0.1298358749830737
119.689,0.06203633963874711,0.06203633963874711
119.69,0.010435336737890544,-0.010435336737890544
119.691,0.0833271940378163,-0.0833271940378163
119.692,0.15083657862478406,-0.15083657862478406
119.693,0.20557686951102483,-0.20557686951102483
119.694,0.23986244287203495,-0.23986244287203495
119.695,0.2479404682387195,-0.2479404682387195
119.696,0.22827005382458931,-0.22827005382458931
119.697,0.1848010073053612,-0.1848010073053612
119.698,0.12651830239286643,-0.12651830239286643
119.699,0.06518240715633072,-0.06518240715633072
119.7,0.011945709506801738,-0.011945709506801738
119.701,0.025950656719522014,0.025950656719522014
119.702,0.04713042130047507,0.04713042130047507
119.703,0.05586733692550627,0.05586733692550627
119.704,0.05969682879004101,0.05969682879004101
119.705,0.06571920548219623,0.06571920548219623
119.706,0.07703897940237825,0.07703897940237825
119.707,0.09082336521622159,0.09082336521622159
119.708,0.09891086662006487,0.09891086662006487
119.709,0.09093857535194161,0.09093857535194161
119.71,0.05893635665449515,0.05893635665449515
119.711,0.0016528811706433277,0.0016528811706433277
119.712,0.0731791583637742,-0.0731791583637742
119.713,0.14979822073390392,-0.14979822073390392
119.714,0.20861971372559596,-0.20861971372559596
119.715,0.2324907037457118,-0.2324907037457118
119.716,0.21291216071857233,-0.21291216071857233
119.717,0.15396937478201256,-0.15396937478201256
119.718,0.0723444201980773,-0.0723444201980773
119.719,0.00695239694382388,0.00695239694382388
119.72,0.0580209003444061,0.0580209003444061
119.721,0.06239621890914582,0.06239621890914582
119.722,0.015535988209635532,0.015535988209635532
119.723,0.07078132545203453,-0.07078132545203453
119.724,0.17113771846256398,-0.17113771846256398
119.725,0.2535880577057811,-0.2535880577057811
119.726,0.2890852369930391,-0.2890852369930391
119.727,0.2603002215853383,-0.2603002215853383
119.728,0.1670689027150115,-0.1670689027150115
119.729,0.02675500015357224,-0.02675500015357224
119.73,0.1305665886471763,0.1305665886471763
119.731,0.27056636332396056,0.27056636332396056
119.732,0.3641027318928802,0.3641027318928802
119.733,0.3947621645817745,0.3947621645817745
119.734,0.36231162161287433,0.36231162161287433
119.735,0.28125907633428016,0.28125907633428016
119.736,0.17529772396076826,0.17529772396076826
119.737,0.06965719173703189,0.06965719173703189
119.738,0.01609759927898946,-0.01609759927898946
119.739,0.07262629802359422,-0.07262629802359422
119.74,0.101583159677201,-0.101583159677201
119.741,0.11279538760420726,-0.11279538760420726
119.742,0.1192178986357646,-0.1192178986357646
119.743,0.13163682248044306,-0.13163682248044306
119.744,0.15496491708641147,-0.15496491708641147
119.745,0.18721130830085497,-0.18721130830085497
119.746,0.22113549681471,-0.22113549681471
119.747,0.24762236311962715,-0.24762236311962715
119.748,0.2592884993381981,-0.2592884993381981
119.749,0.2529107898717379,-0.2529107898717379
119.75,0.22987936910729834,-0.22987936910729834
119.751,0.1947468711525132,-0.1947468711525132
119.752,0.15271898703900877,-0.15271898703900877
119.753,0.10730849816242338,-0.10730849816242338
119.754,0.05922558402407263,-0.05922558402407263
119.755,0.006983665430290276,-0.006983665430290276
119.756,0.051081422611225724,0.051081422611225724
119.757,0.11432566334509042,0.11432566334509042
119.758,0.17803479506732978,0.17803479506732978
119.759,0.23331895339217512,0.23331895339217512
119.76,0.26894070659869884,0.26894070659869884
119.761,0.2745596883870425,0.2745596883870425
119.762,0.24426417960351476,0.24426417960351476
119.763,0.17907608886169735,0.17907608886169735
119.764,0.08744171492530617,0.08744171492530617
119.765,0.016562602239078017,-0.016562602239078017
119.766,0.11674674780282046,-0.11674674780282046
119.767,0.19885222964928329,-0.19885222964928329
119.768,0.2537537295215736,-0.2537537295215736
119.769,0.2787847785974945,-0.2787847785974945
119.77,0.2768866623847105,-0.2768866623847105
119.771,0.25411646702539115,-0.25411646702539115
119.772,0.216664079267467,-0.216664079267467
119.773,0.1686743774545475,-0.1686743774545475
119.774,0.11178653448927367,-0.11178653448927367
119.775,0.0465336976171048,-0.0465336976171048
119.776,0.02510332567951612,0.02510332567951612
119.777,0.09728003095963333,0.09728003095963333
119.778,0.15936938683988444,0.15936938683988444
119.779,0.19739192976663467,0.19739192976663467
119.78,0.19772966948204607,0.19772966948204607
119.781,0.15206968685522315,0.15206968685522315
119.782,0.06184704671955177,0.06184704671955177
119.783,0.059618549272073884,-0.059618549272073884
119.784,0.1884940224252133,-0.1884940224252133
119.785,0.2954021085092742,-0.2954021085092742
119.786,0.3528280868266107,-0.3528280868266107
119.787,0.34285445544281146,-0.34285445544281146
119.788,0.26282046568911455,-0.26282046568911455
119.789,0.12700420114722977,-0.12700420114722977
119.79,0.036413917398454565,0.036413917398454565
119.791,0.1923927695458134,0.1923927695458134
119.792,0.3080938289214654,0.3080938289214654
119.793,0.36132234916405204,0.36132234916405204
119.794,0.34587795011315103,0.34587795011315103
119.795,0.2723044094621765,0.2723044094621765
119.796,0.1639561140681327,0.1639561140681327
119.797,0.049727793995666625,0.049727793995666625
119.798,0.044237908950570226,-0.044237908950570226
119.799,0.10134565858401823,-0.10134565858401823
119.8,0.11792670348850587,-0.11792670348850587
119.801,0.10246432946965522,-0.10246432946965522
119.802,0.07127885096103304,-0.07127885096103304
119.803,0.0423568382658287,-0.0423568382658287
119.804,0.02946312130250106,-0.02946312130250106
119.805,0.03839537531001436,-0.03839537531001436
119.806,0.0663667639826977,-0.0663667639826977
119.807,0.10436332589715658,-0.10436332589715658
119.808,0.14132264729873867,-0.14132264729873867
119.809,0.16845231702027974,-0.16845231702027974
119.81,0.18210328950719157,-0.18210328950719157
119.811,0.18426277383040357,-0.18426277383040357
119.812,0.1806736334056448,-0.1806736334056448
119.813,0.17747406745003613,-0.17747406745003613
119.814,0.17777111789049316,-0.17777111789049316
119.815,0.17954628942935402,-0.17954628942935402
119.816,0.1757679982938385,-0.1757679982938385
119.817,0.15675641167752707,-0.15675641167752707
119.818,0.11401178907334597,-0.11401178907334597
119.819,0.04416771432262123,-0.04416771432262123
119.82,0.048352965053419794,0.048352965053419794
119.821,0.15100206328820498,0.15100206328820498
119.822,0.24537395428987363,0.24537395428987363
119.823,0.3115331712292022,0.3115331712292022
119.824,0.3332052461461479,0.3332052461461479
119.825,0.3023550541614508,0.3023550541614508
119.826,0.22184080961948838,0.22184080961948838
119.827,0.10537084881791992,0.10537084881791992
119.828,0.025269292414703326,-0.025269292414703326
119.829,0.1450280801178604,-0.1450280801178604
119.83,0.23123312401684248,-0.23123312401684248
119.831,0.26868368086371275,-0.26868368086371275
119.832,0.25297452660543784,-0.25297452660543784
119.833,0.19129109484255957,-0.19129109484255957
119.834,0.10052959021821595,-0.10052959021821595
119.835,0.0032186654813920468,-0.0032186654813920468
119.836,0.07778455266565798,0.07778455266565798
119.837,0.12458083997874891,0.12458083997874891
119.838,0.12826023035815304,0.12826023035815304
119.839,0.09072179519868317,0.09072179519868317
119.84,0.02382945712600404,0.02382945712600404
119.841,0.053918605077443726,-0.053918605077443726
119.842,0.12240661208425385,-0.12240661208425385
119.843,0.1653364998420347,-0.1653364998420347
119.844,0.17463665100602976,-0.17463665100602976
119.845,0.15259065883902678,-0.15259065883902678
119.846,0.11098723871233096,-0.11098723871233096
119.847,0.06739771410732509,-0.06739771410732509
119.848,0.03953963542282157,-0.03953963542282157
119.849,0.039334404794845845,-0.039334404794845845
119.85,0.06849017844246486,-0.06849017844246486
119.851,0.11711959297956098,-0.11711959297956098
119.852,0.16607521501804035,-0.16607521501804035
119.853,0.1925632536532419,-0.1925632536532419
119.854,0.1775087950080494,-0.1775087950080494
119.855,0.11244986074403318,-0.11244986074403318
119.856,0.0036973543211111792,-0.0036973543211111792
119.857,0.12781345120762388,0.12781345120762388
119.858,0.2512991832268179,0.2512991832268179
119.859,0.33439533369407437,0.33439533369407437
119.86,0.35258125023853304,0.35258125023853304
119.861,0.29690610906701953,0.29690610906701953
119.862,0.17752171897909408,0.17752171897909408
119.863,0.021713191625776673,0.021713191625776673
119.864,0.13321603912259483,-0.13321603912259483
119.865,0.25022243741127914,-0.25022243741127914
119.866,0.30292660393216286,-0.30292660393216286
119.867,0.28298740661631816,-0.28298740661631816
119.868,0.20217493021907196,-0.20217493021907196
119.869,0.08849765060598824,-0.08849765060598824
119.87,0.0224079923780931,0.0224079923780931
119.871,0.09793921881654533,0.09793921881654533
119.872,0.1179352815682142,0.1179352815682142
119.873,0.0799746940425301,0.0799746940425301
119.874,0.0009349802726806855,-0.0009349802726806855
119.875,0.09795007490143126,-0.09795007490143126
119.876,0.1812693504605346,-0.1812693504605346
119.877,0.22732973474167617,-0.22732973474167617
119.878,0.22538917752735166,-0.22538917752735166
119.879,0.1795738370908505,-0.1795738370908505
119.88,0.10607166564547377,-0.10607166564547377
119.881,0.026788024391677268,-0.026788024391677268
119.882,0.03812263348765743,0.03812263348765743
119.883,0.07623197705068363,0.07623197705068363
119.884,0.08542801528092481,0.08542801528092481
119.885,0.07258197698140245,0.07258197698140245
119.886,0.04921851537472555,0.04921851537472555
119.887,0.02615092432212096,0.02615092432212096
119.888,0.009281548599830769,0.009281548599830769
119.889,0.0018495728058496308,-0.0018495728058496308
119.89,0.01239223725332006,-0.01239223725332006
119.891,0.028326667006886908,-0.028326667006886908
119.892,0.05225309828589375,-0.05225309828589375
119.893,0.08079914103263053,-0.08079914103263053
119.894,0.10492891270735127,-0.10492891270735127
119.895,0.11320661303003399,-0.11320661303003399
119.896,0.09677988605729393,-0.09677988605729393
119.897,0.054026466536648665,-0.054026466536648665
119.898,0.007199966144074477,0.007199966144074477
119.899,0.07094652099212917,0.07094652099212917
119.9,0.11799017432243208,0.11799017432243208
119.901,0.13253605708218208,0.13253605708218208
119.902,0.10832734861215387,0.10832734861215387
119.903,0.05174657049087261,0.05174657049087261
119.904,0.01952694061965643,-0.01952694061965643
119.905,0.08213541250488743,-0.08213541250488743
119.906,0.11513061428998306,-0.11513061428998306
119.907,0.10767627991916129,-0.10767627991916129
119.908,0.06348012102583356,-0.06348012102583356
119.909,0.00012393414260036817,-0.00012393414260036817
119.91,0.05674482260875968,0.05674482260875968
119.911,0.08249561637458824,0.08249561637458824
119.912,0.06270326370857293,0.06270326370857293
119.913,0.0009219409722247551,-0.0009219409722247551
119.914,0.09019280162740106,-0.09019280162740106
119.915,0.17608795590045978,-0.17608795590045978
119.916,0.22861140114556455,-0.22861140114556455
119.917,0.22749345839516155,-0.22749345839516155
119.918,0.16991286185626064,-0.16991286185626064
119.919,0.07234252653278495,-0.07234252653278495
119.92,0.034374429561486064,0.034374429561486064
119.921,0.11521569376464869,0.11521569376464869
119.922,0.1429996700392806,0.1429996700392806
119.923,0.10803317787589939,0.10803317787589939
119.924,0.021904003897890156,0.021904003897890156
119.925,0.08608183104359446,-0.08608183104359446
119.926,0.17874774978541763,-0.17874774978541763
119.927,0.2238552148636086,-0.2238552148636086
119.928,0.20542418929048545,-0.20542418929048545
119.929,0.12954585660717088,-0.12954585660717088
119.93,0.022531301857231956,-0.022531301857231956
119.931,0.07809709955024746,0.07809709955024746
119.932,0.1367320543456796,0.1367320543456796
119.933,0.13238229757984699,0.13238229757984699
119.934,0.06647751698780935,0.06647751698780935
119.935,0.037048321583007526,-0.037048321583007526
119.936,0.13956320462369487,-0.13956320462369487
119.937,0.2008535087808745,-0.2008535087808745
119.938,0.19309658262200657,-0.19309658262200657
119.939,0.11089491952022235,-0.11089491952022235
119.94,0.026103025651630363,0.026103025651630363
119.941,0.17894651310105703,0.17894651310105703
119.942,0.30159138415466735,0.30159138415466735
119.943,0.3554875477775934,0.3554875477775934
119.944,0.3216877935781819,0.3216877935781819
119.945,0.20651961869471647,0.20651961869471647
119.946,0.039098150721607716,0.039098150721607716
119.947,0.138262998091238,-0.138262998091238
119.948,0.28333722819789187,-0.28333722819789187
119.949,0.3664461321934278,-0.3664461321934278
119.95,0.37804928352837674,-0.37804928352837674
119.951,0.32926554204683245,-0.32926554204683245
119.952,0.24566281301111992,-0.24566281301111992
119.953,0.15695558347284388,-0.15695558347284388
119.954,0.08651352312359539,-0.08651352312359539
119.955,0.04439892339374418,-0.04439892339374418
119.956,0.026138850245275402,-0.026138850245275402
119.957,0.017199040071123606,-0.017199040071123606
119.958,0.0010067236234829746,-0.0010067236234829746
119.959,0.032854088211969446,0.032854088211969446
119.96,0.08355433521953715,0.08355433521953715
119.961,0.13897774437824895,0.13897774437824895
119.962,0.18062000915163878,0.18062000915163878
119.963,0.19136996996201106,0.19136996996201106
119.964,0.1629928069907114,0.1629928069907114
119.965,0.10026610440311678,0.10026610440311678
119.966,0.020039001729319272,0.020039001729319272
119.967,0.054522738685118255,-0.054522738685118255
119.968,0.10234644526855396,-0.10234644526855396
119.969,0.11228818033668175,-0.11228818033668175
119.97,0.08733785941711147,-0.08733785941711147
119.971,0.04349348213264603,-0.04349348213264603
119.972,0.0036335324068756947,-0.0036335324068756947
119.973,0.01135116199092967,0.01135116199092967
119.974,0.009190290868398399,-0.009190290868398399
119.975,0.06121799857393817,-0.06121799857393817
119.976,0.12714772819943165,-0.12714772819943165
119.977,0.18229143063995012,-0.18229143063995012
119.978,0.2042645422041074,-0.2042645422041074
119.979,0.18185028717523632,-0.18185028717523632
119.98,0.11993072982751218,-0.11993072982751218
119.981,0.03849349053719309,-0.03849349053719309
119.982,0.034100730196974904,0.034100730196974904
119.983,0.0712521034357545,0.0712521034357545
119.984,0.05799406214491887,0.05799406214491887
119.985,0.003049916386481666,-0.003049916386481666
119.986,0.09191751406306448,-0.09191751406306448
119.987,0.17782764724905387,-0.17782764724905387
119.988,0.22973975788394896,-0.22973975788394896
119.989,0.2272153290314335,-0.2272153290314335
119.99,0.16768346112502786,-0.16768346112502786
119.991,0.06747074717915802,-0.06747074717915802
119.992,0.04381372258357685,0.04381372258357685
119.993,0.1335522408207035,0.1335522408207035
119.994,0.17737903212998374,0.17737903212998374
119.995,0.16739681873107037,0.16739681873107037
119.996,0.11442373195365652,0.11442373195365652
119.997,0.043513627797185706,0.043513627797185706
119.998,0.015565073709330468,-0.015565073709330468
119.999,0.03938384900033931,-0.03938384900033931
120.0,0.0193964927526864,-0.0193964927526864
120.001,0.03513121227366822,0.03513121227366822
120.002,0.10082700444572934,0.10082700444572934
120.003,0.14912846523183654,0.14912846523183654
120.004,0.15707175519024608,0.15707175519024608
120.005,0.11593862799327481,0.11593862799327481
120.006,0.03455929248500689,0.03455929248500689
120.007,0.06393250129130601,-0.06393250129130601
120.008,0.150650297829919,-0.150650297829919
120.009,0.2015858335881695,-0.2015858335881695
120.01,0.20631194024056732,-0.20631194024056732
120.011,0.17146640261932622,-0.17146640261932622
120.012,0.11768349618731544,-0.11768349618731544
120.013,0.07111621881956787,-0.07111621881956787
120.014,0.05276514189578807,-0.05276514189578807
120.015,0.06971790121022525,-0.06971790121022525
120.016,0.11175679432156482,-0.11175679432156482
120.017,0.1548270203496851,-0.1548270203496851
120.018,0.1702841913945552,-0.1702841913945552
120.019,0.1366039102814005,-0.1366039102814005
120.02,0.04917729770304158,-0.04917729770304158
120.021,0.0756452344733376,0.0756452344733376
120.022,0.20412269560601715,0.20412269560601715
120.023,0.2954388408324018,0.2954388408324018
120.024,0.31539812812798584,0.31539812812798584
120.025,0.24877569950998346,0.24877569950998346
120.026,0.10589183178731165,0.10589183178731165
120.027,0.07913316292444639,-0.07913316292444639
120.028,0.25815313135872875,-0.25815313135872875
120.029,0.38371319190754716,-0.38371319190754716
120.03,0.42385366852057227,-0.42385366852057227
120.031,0.37203591542094583,-0.37203591542094583
120.032,0.24883302504147553,-0.24883302504147553
120.033,0.09480616611081438,-0.09480616611081438
120.034,0.04302414985095693,0.04302414985095693
120.035,0.12653800887397293,0.12653800887397293
120.036,0.13854043226073154,0.13854043226073154
120.037,0.08746147379417013,0.08746147379417013
120.038,0.003276687635875186,0.003276687635875186
120.039,0.07380183030539045,-0.07380183030539045
120.04,0.1078740532400565,-0.1078740532400565
120.041,0.08010844425031749,-0.08010844425031749
120.042,0.004631788131672643,0.004631788131672643
120.043,0.11946588601041741,0.11946588601041741
120.044,0.22478127156486827,0.22478127156486827
120.045,0.28185631562207347,0.28185631562207347
120.046,0.2661382990635497,0.2661382990635497
120.047,0.1757053052417088,0.1757053052417088
120.048,0.03216024524860628,0.03216024524860628
120.049,0.12619205020401814,-0.12619205020401814
120.05,0.2564571788896609,-0.2564571788896609
120.051,0.3244469403045329,-0.3244469403045329
120.052,0.31480785526409893,-0.31480785526409893
120.053,0.23484840530553297,-0.23484840530553297
120.054,0.11113769487096414,-0.11113769487096414
120.055,0.019643036898601585,0.019643036898601585
120.056,0.12232460187156091,0.12232460187156091
120.057,0.17347680236295582,0.17347680236295582
120.058,0.16708740333798233,0.16708740333798233
120.059,0.11426457500416043,0.11426457500416043
120.06,0.03760998490266232,0.03760998490266232
120.061,0.037388331539628616,-0.037388331539628616
120.062,0.09081777754353093,-0.09081777754353093
120.063,0.1138766965416802,-0.1138766965416802
120.064,0.10996219906910931,-0.10996219906910931
120.065,0.09145517209402598,-0.09145517209402598
120.066,0.07380861713229281,-0.07380861713229281
120.067,0.06931008325346288,-0.06931008325346288
120.068,0.08275037102463789,-0.08275037102463789
120.069,0.11031961307995164,-0.11031961307995164
120.07,0.14176356137433443,-0.14176356137433443
120.071,0.1646641998415963,-0.1646641998415963
120.072,0.1690698564213161,-0.1690698564213161
120.073,0.15077183732865107,-0.15077183732865107
120.074,0.11221130975169058,-0.11221130975169058
120.075,0.06098703651756765,-0.06098703651756765
120.076,0.0068235008565997735,-0.0068235008565997735
120.077,0.04167517046880542,0.04167517046880542
120.078,0.07925224000812126,0.07925224000812126
120.079,0.10453201288451486,0.10453201288451486
120.08,0.11894720656763735,0.11894720656763735
120.081,0.1247902432456669,0.1247902432456669
120.082,0.1233962141556908,0.1233962141556908
120.083,0.11429605013493349,0.11429605013493349
120.084,0.09566802102072547,0.09566802102072547
120.085,0.06580138174155459,0.06580138174155459
120.086,0.024832273315585685,0.024832273315585685
120.087,0.02409901379141255,-0.02409901379141255
120.088,0.07485902056131155,-0.07485902056131155
120.089,0.11958356809289072,-0.11958356809289072
120.09,0.15074695638186797,-0.15074695638186797
120.091,0.16326605570410468,-0.16326605570410468
120.092,0.15586934291934662,-0.15586934291934662
120.093,0.13127610237160925,-0.13127610237160925
120.094,0.09521210036839667,-0.09521210036839667
120.095,0.05472398802473377,-0.05472398802473377
120.096,0.01646368187456726,-0.01646368187456726
120.097,0.014478583032375258,0.014478583032375258
120.098,0.03494568551695787,0.03494568551695787
120.099,0.0434457629258469,0.0434457629258469
120.1,0.039679560238796485,0.039679560238796485
120.101,0.024317602668910254,0.024317602668910254
120.102,0.0007635931092568882,-0.0007635931092568882
120.103,0.03196245248020979,-0.03196245248020979
120.104,0.06364782181246353,-0.06364782181246353
120.105,0.08863437922155293,-0.08863437922155293
120.106,0.09973725272824252,-0.09973725272824252
120.107,0.09218256434654426,-0.09218256434654426
120.108,0.06608955208335521,-0.06608955208335521
120.109,0.027914178647829302,-0.027914178647829302
120.11,0.010135724508337773,0.010135724508337773
120.111,0.03309541113795489,0.03309541113795489
120.112,0.02810312157672379,0.02810312157672379
120.113,0.010326491892573286,-0.010326491892573286
120.114,0.07656474385366407,-0.07656474385366407
120.115,0.15342522920435608,-0.15342522920435608
120.116,0.21584924122752802,-0.21584924122752802
120.117,0.23814587711145507,-0.23814587711145507
120.118,0.20278898170813908,-0.20278898170813908
120.119,0.10787882654517378,-0.10787882654517378
120.12,0.029577788232502122,0.029577788232502122
120.121,0.17632361341653358,0.17632361341653358
120.122,0.2913330381176569,0.2913330381176569
120.123,0.3379610945562357,0.3379610945562357
120.124,0.2960850279491112,0.2960850279491112
120.125,0.17017721221498183,0.17017721221498183
120.126,0.009766456121422462,-0.009766456121422462
120.127,0.19538568939543455,-0.19538568939543455
120.128,0.33351441752376954,-0.33351441752376954
120.129,0.3821949777093747,-0.3821949777093747
120.13,0.3241262206879868,-0.3241262206879868
120.131,0.17306856619453115,-0.17306856619453115
120.132,0.029195358003926586,0.029195358003926586
120.133,0.22476426753850975,0.22476426753850975
120.134,0.35688555212841555,0.35688555212841555
120.135,0.3872167911165867,0.3872167911165867
120.136,0.3075634757272565,0.3075634757272565
120.137,0.14225351984584256,0.14225351984584256
120.138,0.05969899935293144,-0.05969899935293144
120.139,0.2401588894969845,-0.2401588894969845
120.14,0.3501288910015149,-0.3501288910015149
120.141,0.3647649523578461,-0.3647649523578461
120.142,0.29028302524886906,-0.29028302524886906
120.143,0.16059876031330067,-0.16059876031330067
120.144,0.02497575503736227,-0.02497575503736227
120.145,0.06904208352312802,0.06904208352312802
120.146,0.09159526151737074,0.09159526151737074
120.147,0.03999304916660562,0.03999304916660562
120.148,0.06138673037106224,-0.06138673037106224
120.149,0.1705658332508051,-0.1705658332508051
120.15,0.24336358325665164,-0.24336358325665164
120.151,0.24927713923640615,-0.24927713923640615
120.152,0.18228993584541664,-0.18228993584541664
120.153,0.06287904099421959,-0.06287904099421959
120.154,0.06939609357787191,0.06939609357787191
120.155,0.1700344601022783,0.1700344601022783
120.156,0.2054306754834867,0.2054306754834867
120.157,0.16481018017458982,0.16481018017458982
120.158,0.06406836678818606,0.06406836678818606
120.159,0.05980872000093851,-0.05980872000093851
120.16,0.1617413373206651,-0.1617413373206651
120.161,0.20436680496894744,-0.20436680496894744
120.162,0.17109100202480954,-0.17109100202480954
120.163,0.07180680447223597,-0.07180680447223597
120.164,0.060687439706401225,0.060687439706401225
120.165,0.1822487405544302,0.1822487405544302
120.166,0.25280454022886234,0.25280454022886234
120.167,0.2501643747174913,0.2501643747174913
120.168,0.17737418079485523,0.17737418079485523
120.169,0.06107714091905847,0.06107714091905847
120.17,0.058451019255692405,-0.058451019255692405
120.171,0.14197274694304052,-0.14197274694304052
120.172,0.16539177046126596,-0.16539177046126596
120.173,0.12824038392754467,-0.12824038392754467
120.174,0.05352188610992725,-0.05352188610992725
120.175,0.02102870194828932,0.02102870194828932
120.176,0.05713617884576205,0.05713617884576205
120.177,0.030545689098050888,0.030545689098050888
120.178,0.059281917303595444,-0.059281917303595444
120.179,0.18787051614984418,-0.18787051614984418
120.18,0.3134010148443773,-0.3134010148443773
120.181,0.3907689362013096,-0.3907689362013096
120.182,0.3871828143269389,-0.3871828143269389
120.183,0.29389669150981734,-0.29389669150981734
120.184,0.12999551672871335,-0.12999551672871335
120.185,0.06310514512362086,0.06310514512362086
120.186,0.23458797525174546,0.23458797525174546
120.187,0.3402010957162078,0.3402010957162078
120.188,0.35587797312564984,0.35587797312564984
120.189,0.2844969479480923,0.2844969479480923
120.19,0.15368268432097,0.15368268432097
120.191,0.0056504032252406855,0.0056504032252406855
120.192,0.11721165783193666,-0.11721165783193666
120.193,0.18596673398496,-0.18596673398496
120.194,0.19333284696154518,-0.19333284696154518
120.195,0.15386826461411196,-0.15386826461411196
120.196,0.09643704482613125,-0.09643704482613125
120.197,0.05197655161196313,-0.05197655161196313
120.198,0.041183438990913146,-0.041183438990913146
120.199,0.0666529372929976,-0.0666529372929976
120.2,0.11230091116486784,-0.11230091116486784
120.201,0.15019578843468284,-0.15019578843468284
120.202,0.15220179484154528,-0.15220179484154528
120.203,0.10205983281016096,-0.10205983281016096
120.204,0.003338305429614996,-0.003338305429614996
120.205,0.11985937725256313,0.11985937725256313
120.206,0.22995681688397984,0.22995681688397984
120.207,0.2884574309337802,0.2884574309337802
120.208,0.2696775466074244,0.2696775466074244
120.209,0.17081132910544383,0.17081132910544383
120.21,0.014634842575278695,0.014634842575278695
120.211,0.15638247002209105,-0.15638247002209105
120.212,0.29286489200208565,-0.29286489200208565
120.213,0.3541330612992233,-0.3541330612992233
120.214,0.3215048234421073,-0.3215048234421073
120.215,0.20485436097558773,-0.20485436097558773
120.216,0.04015573623597135,-0.04015573623597135
120.217,0.12133078741219916,0.12133078741219916
120.218,0.22884747631717572,0.22884747631717572
120.219,0.24790288080499634,0.24790288080499634
120.22,0.17102125381214162,0.17102125381214162
120.221,0.020107745648192177,0.020107745648192177
120.222,0.16025801422683694,-0.16025801422683694
120.223,0.3164235945702506,-0.3164235945702506
120.224,0.4018610481360997,-0.4018610481360997
120.225,0.3909377831587938,-0.3909377831587938
120.226,0.28611018988425096,-0.28611018988425096
120.227,0.11653138229363202,-0.11653138229363202
120.228,0.07123849816936101,0.07123849816936101
120.229,0.22734425234554334,0.22734425234554334
120.23,0.3131504139785033,0.3131504139785033
120.231,0.31180945283682004,0.31180945283682004
120.232,0.2319294260830267,0.2319294260830267
120.233,0.1036099038455014,0.1036099038455014
120.234,0.03156280982891502,-0.03156280982891502
120.235,0.13326449292790865,-0.13326449292790865
120.236,0.17402085980496018,-0.17402085980496018
120.237,0.1463296641344416,-0.1463296641344416
120.238,0.06355401639626745,-0.06355401639626745
120.239,0.045227245033400365,0.045227245033400365
120.24,0.14448613376636898,0.14448613376636898
120.241,0.20267252690781978,0.20267252690781978
120.242,0.20076656480577793,0.20076656480577793
120.243,0.1367284840890135,0.1367284840890135
120.244,0.024985876157558096,0.024985876157558096
120.245,0.1084306458229698,-0.1084306458229698
120.246,0.2333561040881167,-0.2333561040881167
120.247,0.3233031427427754,-0.3233031427427754
120.248,0.3615346963190208,-0.3615346963190208
120.249,0.34404341267531025,-0.34404341267531025
120.25,0.2790809980539094,-0.2790809980539094
120.251,0.1838278948982477,-0.1838278948982477
120.252,0.07943655277366324,-0.07943655277366324
120.253,0.014105823807709195,0.014105823807709195
120.254,0.08204879975350554,0.08204879975350554
120.255,0.11711974523374624,0.11711974523374624
120.256,0.11974997315478353,0.11974997315478353
120.257,0.09660922490742418,0.09660922490742418
120.258,0.05809359149078297,0.05809359149078297
120.259,0.01551173621321622,0.01551173621321622
120.26,0.02137699501304635,-0.02137699501304635
120.261,0.04603076658492411,-0.04603076658492411
120.262,0.055811790816032936,-0.055811790816032936
120.263,0.05173656838009011,-0.05173656838009011
120.264,0.037510966562572245,-0.037510966562572245
120.265,0.018175278009955775,-0.018175278009955775
120.266,0.0012839859888016392,0.0012839859888016392
120.267,0.01703480151135217,0.01703480151135217
120.268,0.026987939979965958,0.026987939979965958
120.269,0.03078986564296038,0.03078986564296038
120.27,0.029300168442985663,0.029300168442985663
120.271,0.02378037641158115,0.02378037641158115
120.272,0.015108954559776011,0.015108954559776011
120.273,0.0033313207491729724,0.0033313207491729724
120.274,0.012257424202491207,-0.012257424202491207
120.275,0.03249225220642393,-0.03249225220642393
120.276,0.05739313847968175,-0.05739313847968175
120.277,0.08527389397831353,-0.08527389397831353
120.278,0.11232882498836205,-0.11232882498836205
120.279,0.13301026973274876,-0.13301026973274876
120.28,0.14126071400369777,-0.14126071400369777
120.281,0.13234697383577676,-0.13234697383577676
120.282,0.10476730646847632,-0.10476730646847632
120.283,0.06157189452924339,-0.06157189452924339
120.284,0.010520831925947771,-0.010520831925947771
120.285,0.037198428855106824,0.037198428855106824
120.286,0.06953566667028421,0.06953566667028421
120.287,0.07682309390704267,0.07682309390704267
120.288,0.05479921631782214,0.05479921631782214
120.289,0.006466756215163683,0.006466756215163683
120.29,0.0579047579116001,-0.0579047579116001
120.291,0.12282331517535039,-0.12282331517535039
120.292,0.17125592720473926,-0.17125592720473926
120.293,0.1890156515462551,-0.1890156515462551
120.294,0.16864943960249656,-0.16864943960249656
120.295,0.11169831472050529,-0.11169831472050529
120.296,0.028622004948287372,-0.028622004948287372
120.297,0.06366816733295844,0.06366816733295844
120.298,0.14603200003946148,0.14603200003946148
120.299,0.2019196384497539,0.2019196384497539
120.3,0.2214387899381236,0.2214387899381236
120.301,0.203530851016678,0.203530851016678
120.302,0.15566882914736668,0.15566882914736668
120.303,0.09122122422596668,0.09122122422596668
120.304,0.02531549109959852,0.02531549109959852
120.305,0.029528851222726527,-0.029528851222726527
120.306,0.0666792741247042,-0.0666792741247042
120.307,0.08661976593300091,-0.08661976593300091
120.308,0.09582107113597904,-0.09582107113597904
120.309,0.1036872614672596,-0.1036872614672596
120.31,0.11862041047985294,-0.11862041047985294
120.311,0.1445211873206067,-0.1445211873206067
120.312,0.17890030173926597,-0.17890030173926597
120.313,0.213256201841861,-0.213256201841861
120.314,0.23563990203934426,-0.23563990203934426
120.315,0.23460991326893288,-0.23460991326893288
120.316,0.20330835537850966,-0.20330835537850966
120.317,0.14231799739251172,-0.14231799739251172
120.318,0.060318664136394085,-0.060318664136394085
120.319,0.02775698635056556,0.02775698635056556
120.32,0.10457607327702445,0.10457607327702445
120.321,0.15512296506058276,0.15512296506058276
120.322,0.17083917942494864,0.17083917942494864
120.323,0.15189939512004624,0.15189939512004624
120.324,0.10690690748261766,0.10690690748261766
120.325,0.050099496169571545,0.050099496169571545
120.326,0.00305375532306007,-0.00305375532306007
120.327,0.0404682219810234,-0.0404682219810234
120.328,0.05680542295410029,-0.05680542295410029
120.329,0.054519964889482964,-0.054519964889482964
120.33,0.04228851458127503,-0.04228851458127503
120.331,0.03138343256782561,-0.03138343256782561
120.332,0.03124357557969515,-0.03124357557969515
120.333,0.04577575843907322,-0.04577575843907322
120.334,0.0716897410443268,-0.0716897410443268
120.335,0.09949278746015455,-0.09949278746015455
120.336,0.11686351113418258,-0.11686351113418258
120.337,0.11328887726196901,-0.11328887726196901
120.338,0.08436813507648833,-0.08436813507648833
120.339,0.034237233535801104,-0.034237233535801104
120.34,0.024852261220820626,0.024852261220820626
120.341,0.07583299840059121,0.07583299840059121
120.342,0.10205196699189734,0.10205196699189734
120.343,0.0927816137717028,0.0927816137717028
120.344,0.047188649209987554,0.047188649209987554
120.345,0.024633435866926345,-0.024633435866926345
120.346,0.10405329411791875,-0.10405329411791875
120.347,0.16909711906920755,-0.16909711906920755
120.348,0.20090413428639797,-0.20090413428639797
120.349,0.1894455846567139,-0.1894455846567139
120.35,0.13670054097374618,-0.13670054097374618
120.351,0.05626065660465063,-0.05626065660465063
120.352,0.030543984342869868,0.030543984342869868
120.353,0.10080860688646509,0.10080860688646509
120.354,0.13660268335859738,0.13660268335859738
120.355,0.12990048469263105,0.12990048469263105
120.356,0.08443525793717566,0.08443525793717566
120.357,0.014023438939907207,0.014023438939907207
120.358,0.0619691332760024,-0.0619691332760024
120.359,0.12447428205171585,-0.12447428205171585
120.36,0.1599998135341879,-0.1599998135341879
120.361,0.16375084945617024,-0.16375084945617024
120.362,0.1398092093127995,-0.1398092093127995
120.363,0.09860559077086206,-0.09860559077086206
120.364,0.052796392710354745,-0.052796392710354745
120.365,0.013094113659980144,-0.013094113659980144
120.366,0.014534212279493586,0.014534212279493586
120.367,0.029514407225010864,0.029514407225010864
120.368,0.035240268799284324,0.035240268799284324
120.369,0.03643229676546933,0.03643229676546933
120.37,0.03652767083977437,0.03652767083977437
120.371,0.036223433371793456,0.036223433371793456
120.372,0.03371884283696147,0.03371884283696147
120.373,0.02641895699763319,0.02641895699763319
120.374,0.013193126206691774,0.013193126206691774
120.375,0.003992410272207203,-0.003992410272207203
120.376,0.020006462681833037,-0.020006462681833037
120.377,0.02831419162471993,-0.02831419162471993
120.378,0.023992308685656383,-0.023992308685656383
120.379,0.006762133929976377,-0.006762133929976377
120.38,0.017383873630511415,0.017383873630511415
120.381,0.03698328763413761,0.03698328763413761
120.382,0.03847052481255164,0.03847052481255164
120.383,0.011196952236024016,0.011196952236024016
120.384,0.047620192667988226,-0.047620192667988226
120.385,0.12997261192044507,-0.12997261192044507
120.386,0.21760731450384885,-0.21760731450384885
120.387,0.2863749204398498,-0.2863749204398498
120.388,0.31334305339610735,-0.31334305339610735
120.389,0.2845079590930216,-0.2845079590930216
120.39,0.2004829268119881,-0.2004829268119881
120.391,0.07798698622665579,-0.07798698622665579
120.392,0.05378520135203724,0.05378520135203724
120.393,0.1611477395619798,0.1611477395619798
120.394,0.21595282502008373,0.21595282502008373
120.395,0.20450083383631434,0.20450083383631434
120.396,0.1323424881718651,0.1323424881718651
120.397,0.023187842474813314,0.023187842474813314
120.398,0.08799286189130562,-0.08799286189130562
120.399,0.16566355587643078,-0.16566355587643078
120.4,0.1848687418205709,-0.1848687418205709
120.401,0.1392308428718506,-0.1392308428718506
120.402,0.04313507036104236,-0.04313507036104236
120.403,0.07271048732402119,0.07271048732402119
120.404,0.17098890277235435,0.17098890277235435
120.405,0.21965934367645512,0.21965934367645512
120.406,0.20216461647836015,0.20216461647836015
120.407,0.12264028061052668,0.12264028061052668
120.408,0.004440095596399463,0.004440095596399463
120.409,0.11750496136560962,-0.11750496136560962
120.41,0.20794615135539962,-0.20794615135539962
120.411,0.24247169230952725,-0.24247169230952725
120.412,0.21490831928876208,-0.21490831928876208
120.413,0.1386155677929407,-0.1386155677929407
120.414,0.041387055083762614,-0.041387055083762614
120.415,0.044191331038826887,0.044191331038826887
120.416,0.09159817152601457,0.09159817152601457
120.417,0.0887923586505599,0.0887923586505599
120.418,0.04144895362660872,0.04144895362660872
120.419,0.029897124638180728,-0.029897124638180728
120.42,0.09761688115956135,-0.09761688115956135
120.421,0.1368411509213685,-0.1368411509213685
120.422,0.1339530239405543,-0.1339530239405543
120.423,0.0908455572163499,-0.0908455572163499
120.424,0.023625106734662782,-0.023625106734662782
120.425,0.04359125832713007,0.04359125832713007
120.426,0.08744836253761523,0.08744836253761523
120.427,0.09353497036623915,0.09353497036623915
120.428,0.06111969061626721,0.06111969061626721
120.429,0.002884214965301002,0.002884214965301002
120.43,0.06009164529274447,-0.06009164529274447
120.431,0.1061669982799388,-0.1061669982799388
120.432,0.12092721270335505,-0.12092721270335505
120.433,0.10214614911637465,-0.10214614911637465
120.434,0.060225697323468164,-0.060225697323468164
120.435,0.014067379583932227,-0.014067379583932227
120.436,0.016043083253931334,0.016043083253931334
120.437,0.0159337322452191,0.0159337322452191
120.438,0.017251245887840327,-0.017251245887840327
120.439,0.07394562298577745,-0.07394562298577745
120.44,0.1354618247750271,-0.1354618247750271
120.441,0.1804496612554769,-0.1804496612554769
120.442,0.19219187093756085,-0.19219187093756085
120.443,0.16419263885365443,-0.16419263885365443
120.444,0.1021927800299951,-0.1021927800299951
120.445,0.022051344105421977,-0.022051344105421977
120.446,0.05561728203344307,0.05561728203344307
120.447,0.11208663980634759,0.11208663980634759
120.448,0.13613985322356292,0.13613985322356292
120.449,0.12685113704505913,0.12685113704505913
120.45,0.09279990895929857,0.09279990895929857
120.451,0.04826852315628338,0.04826852315628338
120.452,0.007973672169393042,0.007973672169393042
120.453,0.017738454400973547,-0.017738454400973547
120.454,0.02563748794052023,-0.02563748794052023
120.455,0.019576206478584823,-0.019576206478584823
120.456,0.00802123437235125,-0.00802123437235125
120.457,0.0003261592489399723,-0.0003261592489399723
120.458,0.0032473463567477268,-0.0032473463567477268
120.459,0.018929194341464672,-0.018929194341464672
120.46,0.044872845986478005,-0.044872845986478005
120.461,0.07556665219733483,-0.07556665219733483
120.462,0.10484193399100195,-0.10484193399100195
120.463,0.12785691112088926,-0.12785691112088926
120.464,0.14193797134981923,-0.14193797134981923
120.465,0.1461475975891906,-0.1461475975891906
120.466,0.140101433421846,-0.140101433421846
120.467,0.12292431578571594,-0.12292431578571594
120.468,0.0931474764388317,-0.0931474764388317
120.469,0.04984041680609863,-0.04984041680609863
120.47,0.00543328421323741,0.00543328421323741
120.471,0.06682230454255,0.06682230454255
120.472,0.12370238784008869,0.12370238784008869
120.473,0.16226949677826474,0.16226949677826474
120.474,0.16917361777707196,0.16917361777707196
120.475,0.1362206512259354,0.1362206512259354
120.476,0.06449648254823659,0.06449648254823659
120.477,0.033825746975369664,-0.033825746975369664
120.478,0.1371350138380928,-0.1371350138380928
120.479,0.21949404310558007,-0.21949404310558007
120.48,0.25793466771296747,-0.25793466771296747
120.481,0.23970369893784038,-0.23970369893784038
120.482,0.16699489485649932,-0.16699489485649932
120.483,0.057345779973472566,-0.057345779973472566
120.484,0.06077083348418144,0.06077083348418144
120.485,0.15601311354679037,0.15601311354679037
120.486,0.20343023288879603,0.20343023288879603
120.487,0.1919269471685483,0.1919269471685483
120.488,0.1274375389568596,0.1274375389568596
120.489,0.030696537799032697,0.030696537799032697
120.49,0.06969196280215173,-0.06969196280215173
120.491,0.14656773849517524,-0.14656773849517524
120.492,0.1827521809656828,-0.1827521809656828
120.493,0.17590686596033323,-0.17590686596033323
120.494,0.13809200143142908,-0.13809200143142908
120.495,0.09027570423725273,-0.09027570423725273
120.496,0.05384601730012861,-0.05384601730012861
120.497,0.042259104090913824,-0.042259104090913824
120.498,0.05591750331813894,-0.05591750331813894
120.499,0.08220772144534727,-0.08220772144534727
120.5,0.10074013395517067,-0.10074013395517067
120.501,0.0918988272820338,-0.0918988272820338
120.502,0.04552815691102785,-0.04552815691102785
120.503,0.0335634783392027,0.0335634783392027
120.504,0.12553523619743845,0.12553523619743845
120.505,0.20121219633247378,0.20121219633247378
120.506,0.23178131031987448,0.23178131031987448
120.507,0.19918920312013189,0.19918920312013189
120.508,0.10355584985013189,0.10355584985013189
120.509,0.03516949190493024,-0.03516949190493024
120.51,0.18216410282162798,-0.18216410282162798
120.511,0.2978846729013769,-0.2978846729013769
120.512,0.3501761191439672,-0.3501761191439672
120.513,0.32435655197185964,-0.32435655197185964
120.514,0.22791744896513033,-0.22791744896513033
120.515,0.08825118440353075,-0.08825118440353075
120.516,0.05586144643395996,0.05586144643395996
120.517,0.16620102893696953,0.16620102893696953
120.518,0.2165833748206889,0.2165833748206889
120.519,0.20016531578534758,0.20016531578534758
120.52,0.13035118375147947,0.13035118375147947
120.521,0.03524931870392645,0.03524931870392645
120.522,0.05223222753966039,-0.05223222753966039
120.523,0.10519417048555535,-0.10519417048555535
120.524,0.11085411584181593,-0.11085411584181593
120.525,0.07343331177075552,-0.07343331177075552
120.526,0.011198556245472058,-0.011198556245472058
120.527,0.050941530394412515,0.050941530394412515
120.528,0.09044842494177896,0.09044842494177896
120.529,0.09456087969135729,0.09456087969135729
120.53,0.0636557101209636,0.0636557101209636
120.531,0.009711105238912054,0.009711105238912054
120.532,0.049176527738087006,-0.049176527738087006
120.533,0.09591674273889017,-0.09591674273889017
120.534,0.12044785670923241,-0.12044785670923241
120.535,0.12251202984010601,-0.12251202984010601
120.536,0.11039626882881837,-0.11039626882881837
120.537,0.09643522292336959,-0.09643522292336959
120.538,0.09127157080122172,-0.09127157080122172
120.539,0.09924769420519841,-0.09924769420519841
120.54,0.11674376531419095,-0.11674376531419095
120.541,0.13402802223169652,-0.13402802223169652
120.542,0.13974911614396857,-0.13974911614396857
120.543,0.12614331457259542,-0.12614331457259542
120.544,0.09275992410760925,-0.09275992410760925
120.545,0.04712390629640484,-0.04712390629640484
120.546,0.0020065869568423045,-0.0020065869568423045
120.547,0.0296330339461246,0.0296330339461246
120.548,0.03999440002616139,0.03999440002616139
120.549,0.02985303440086917,0.02985303440086917
120.55,0.00854720134841358,0.00854720134841358
120.551,0.009632079340166966,-0.009632079340166966
120.552,0.011364756837257461,-0.011364756837257461
120.553,0.009738488169301673,0.009738488169301673
120.554,0.04955620634595159,0.04955620634595159
120.555,0.09386999976693433,0.09386999976693433
120.556,0.12292011125455637,0.12292011125455637
120.557,0.11865622691191491,0.11865622691191491
120.558,0.07211488250896192,0.07211488250896192
120.559,0.011854137219574623,-0.011854137219574623
120.56,0.11447365250550767,-0.11447365250550767
120.561,0.20792161990709457,-0.20792161990709457
120.562,0.2638095941308215,-0.2638095941308215
120.563,0.2625049439312258,-0.2625049439312258
120.564,0.200126143798095,-0.200126143798095
120.565,0.09072769133034597,-0.09072769133034597
120.566,0.03723609998794841,0.03723609998794841
120.567,0.14915928277808455,0.14915928277808455
120.568,0.21463439610643098,0.21463439610643098
120.569,0.2165702326884058,0.2165702326884058
120.57,0.15614667896295598,0.15614667896295598
120.571,0.052064962426136896,0.052064962426136896
120.572,0.065558266419664,-0.065558266419664
120.573,0.1645650042052611,-0.1645650042052611
120.574,0.22030960053426007,-0.22030960053426007
120.575,0.22236279626416788,-0.22236279626416788
120.576,0.17640226333958864,-0.17640226333958864
120.577,0.10099853170029038,-0.10099853170029038
120.578,0.020690648223799735,-0.020690648223799735
120.579,0.042130886267220724,0.042130886267220724
120.58,0.07380972619785675,0.07380972619785675
120.581,0.07248156735262401,0.07248156735262401
120.582,0.04696079718802859,0.04696079718802859
120.583,0.012278314313394212,0.012278314313394212
120.584,0.016248810844054384,-0.016248810844054384
120.585,0.02822701604884781,-0.02822701604884781
120.586,0.020978725908194606,-0.020978725908194606
120.587,0.0007295123739214926,0.0007295123739214926
120.588,0.027493949918882876,0.027493949918882876
120.589,0.04922898112580376,0.04922898112580376
120.59,0.05863993260996092,0.05863993260996092
120.591,0.05299032539337212,0.05299032539337212
120.592,0.03378543543989432,0.03378543543989432
120.593,0.004902849028235456,0.004902849028235456
120.594,0.029701556112836203,-0.029701556112836203
120.595,0.06752538317935619,-0.06752538317935619
120.596,0.10757853240733395,-0.10757853240733395
120.597,0.14904068057768993,-0.14904068057768993
120.598,0.1893252046704531,-0.1893252046704531
120.599,0.22271873434219347,-0.22271873434219347
120.6,0.24058403608846501,-0.24058403608846501
120.601,0.23345250941480766,-0.23345250941480766
120.602,0.19446151312582016,-0.19446151312582016
120.603,0.1228799489237612,-0.1228799489237612
120.604,0.026229958073673898,-0.026229958073673898
120.605,0.08011404730933758,0.08011404730933758
120.606,0.17609756427753775,0.17609756427753775
120.607,0.2421310039848823,0.2421310039848823
120.608,0.2645925134287783,0.2645925134287783
120.609,0.23982172680180436,0.23982172680180436
120.61,0.1751770073939698,0.1751770073939698
120.611,0.08672115832318927,0.08672115832318927
120.612,0.005711858289748295,-0.005711858289748295
120.613,0.08437850807385505,-0.08437850807385505
120.614,0.13839725654162405,-0.13839725654162405
120.615,0.16583018196890742,-0.16583018196890742
120.616,0.17249097355057186,-0.17249097355057186
120.617,0.1681288963852191,-0.1681288963852191
120.618,0.16161701910867443,-0.16161701910867443
120.619,0.15711612969335853,-0.15711612969335853
120.62,0.15275281372805516,-0.15275281372805516
120.621,0.14230152697642373,-0.14230152697642373
120.622,0.11910216915395022,-0.11910216915395022
120.623,0.0804757858190287,-0.0804757858190287
120.624,0.030620591288144428,-0.030620591288144428
120.625,0.019482754003474323,0.019482754003474323
120.626,0.0554391569752557,0.0554391569752557
120.627,0.06498177960498253,0.06498177960498253
120.628,0.043564381560032395,0.043564381560032395
120.629,0.0023580491957153615,-0.0023580491957153615
120.63,0.05602053926546946,-0.05602053926546946
120.631,0.09524492918820648,-0.09524492918820648
120.632,0.10013264533590616,-0.10013264533590616
120.633,0.0609080922070967,-0.0609080922070967
120.634,0.017054192833118487,0.017054192833118487
120.635,0.11320331779293702,0.11320331779293702
120.636,0.1973028215033119,0.1973028215033119
120.637,0.23896356899388227,0.23896356899388227
120.638,0.2181488850777984,0.2181488850777984
120.639,0.132996404548557,0.132996404548557
120.64,0.002000880937866656,0.002000880937866656
120.641,0.1405918875609451,-0.1405918875609451
120.642,0.2550083503730678,-0.2550083503730678
120.643,0.3085845705435729,-0.3085845705435729
120.644,0.28661137637732037,-0.28661137637732037
120.645,0.19760846683823918,-0.19760846683823918
120.646,0.0710156835325656,-0.0710156835325656
120.647,0.05217332969661315,0.05217332969661315
120.648,0.1328646288312494,0.1328646288312494
120.649,0.14693824510271036,0.14693824510271036
120.65,0.09348031455424488,0.09348031455424488
120.651,0.004746362378798885,-0.004746362378798885
120.652,0.10892497801878642,-0.10892497801878642
120.653,0.17747071385703606,-0.17747071385703606
120.654,0.18056376266189078,-0.18056376266189078
120.655,0.11099968001842986,-0.11099968001842986
120.656,0.012412400196917694,0.012412400196917694
120.657,0.15021242715565042,0.15021242715565042
120.658,0.2547846951295327,0.2547846951295327
120.659,0.2859389961801546,0.2859389961801546
120.66,0.22445518052917768,0.22445518052917768
120.661,0.07910494137372504,0.07910494137372504
120.662,0.11519961742468854,-0.11519961742468854
120.663,0.30756711359573075,-0.30756711359573075
120.664,0.44632338622828793,-0.44632338622828793
120.665,0.4943661747782949,-0.4943661747782949
120.666,0.4398263961668657,-0.4398263961668657
120.667,0.2988021307298755,-0.2988021307298755
120.668,0.10956886038953495,-0.10956886038953495
120.669,0.07957693956483625,0.07957693956483625
120.67,0.2247340779016498,0.2247340779016498
120.671,0.29844249415337054,0.29844249415337054
120.672,0.2957510436466724,0.2957510436466724
120.673,0.23286007044455426,0.23286007044455426
120.674,0.13941025588450962,0.13941025588450962
120.675,0.04749631929985387,0.04749631929985387
120.676,0.018676220626800744,-0.018676220626800744
120.677,0.04912348506307851,-0.04912348506307851
120.678,0.048706682818242863,-0.048706682818242863
120.679,0.03248756888349891,-0.03248756888349891
120.68,0.018082819315034193,-0.018082819315034193
120.681,0.018164057084843144,-0.018164057084843144
120.682,0.03592153371165441,-0.03592153371165441
120.683,0.06495973633923924,-0.06495973633923924
120.684,0.0932748226565806,-0.0932748226565806
120.685,0.1093792096943983,-0.1093792096943983
120.686,0.10787728955535303,-0.10787728955535303
120.687,0.09212009479194183,-0.09212009479194183
120.688,0.07282151818708016,-0.07282151818708016
120.689,0.06320056222365988,-0.06320056222365988
120.69,0.07266437823682137,-0.07266437823682137
120.691,0.10170119540602629,-0.10170119540602629
120.692,0.14025174271588614,-0.14025174271588614
120.693,0.17051491462701374,-0.17051491462701374
120.694,0.17340854571657194,-0.17340854571657194
120.695,0.1364051783489879,-0.1364051783489879
120.696,0.05977380922315734,-0.05977380922315734
120.697,0.04133298395436724,0.04133298395436724
120.698,0.14011759783240718,0.14011759783240718
120.699,0.20598202411983513,0.20598202411983513
120.7,0.21454076586172044,0.21454076586172044
120.701,0.15644482491187084,0.15644482491187084
120.702,0.041891869681243366,0.041891869681243366
120.703,0.10096742648158186,-0.10096742648158186
120.704,0.23351792090238155,-0.23351792090238155
120.705,0.3178684458772064,-0.3178684458772064
120.706,0.3282530221998252,-0.3282530221998252
120.707,0.25900798354680676,-0.25900798354680676
120.708,0.12654226346234265,-0.12654226346234265
120.709,0.03537040720222939,0.03537040720222939
120.71,0.18551432900104103,0.18551432900104103
120.711,0.2872551158494381,0.2872551158494381
120.712,0.31891827672673423,0.31891827672673423
120.713,0.2793607699707208,0.2793607699707208
120.714,0.18715806036824345,0.18715806036824345
120.715,0.07387971677755889,0.07387971677755889
120.716,0.026232798984042738,-0.026232798984042738
120.717,0.08682929047211163,-0.08682929047211163
120.718,0.0969608482322688,-0.0969608482322688
120.719,0.06334933512372365,-0.06334933512372365
120.72,0.00698127064862486,-0.00698127064862486
120.721,0.044601143095538864,0.044601143095538864
120.722,0.0666566284923582,0.0666566284923582
120.723,0.045219283137938326,0.045219283137938326
120.724,0.018735435766742747,-0.018735435766742747
120.725,0.11002601432491932,-0.11002601432491932
120.726,0.20439815868746725,-0.20439815868746725
120.727,0.2762160108986145,-0.2762160108986145
120.728,0.30619861940235005,-0.30619861940235005
120.729,0.28684529828590866,-0.28684529828590866
120.73,0.22406819368936848,-0.22406819368936848
120.731,0.1348137630121855,-0.1348137630121855
120.732,0.04168138320323056,-0.04168138320323056
120.733,0.03364039079685699,0.03364039079685699
120.734,0.07611421345557168,0.07611421345557168
120.735,0.08070320656485586,0.08070320656485586
120.736,0.052623968297262236,0.052623968297262236
120.737,0.004775908420398656,0.004775908420398656
120.738,0.04659845390291395,-0.04659845390291395
120.739,0.08659426271956183,-0.08659426271956183
120.74,0.10533338689398763,-0.10533338689398763
120.741,0.09979965712610595,-0.09979965712610595
120.742,0.07360830248401029,-0.07360830248401029
120.743,0.0351048158717564,-0.0351048158717564
120.744,0.005421524414497281,0.005421524414497281
120.745,0.03852961466244942,0.03852961466244942
120.746,0.05771763774477634,0.05771763774477634
120.747,0.06044306371302932,0.06044306371302932
120.748,0.04806422951073208,0.04806422951073208
120.749,0.024970447194172296,0.024970447194172296
120.75,0.0027080838403892304,-0.0027080838403892304
120.751,0.028442480535890047,-0.028442480535890047
120.752,0.04645065674311888,-0.04645065674311888
120.753,0.052541048780254784,-0.052541048780254784
120.754,0.04465694854834079,-0.04465694854834079
120.755,0.023164922770263385,-0.023164922770263385
120.756,0.009088165893840428,0.009088165893840428
120.757,0.04697150802311412,0.04697150802311412
120.758,0.0835752900061335,0.0835752900061335
120.759,0.1110688496045753,0.1110688496045753
120.76,0.12189349146840378,0.12189349146840378
120.761,0.1101708901553089,0.1101708901553089
120.762,0.07310256293847806,0.07310256293847806
120.763,0.012063417696826173,0.012063417696826173
120.764,0.06691590312584428,-0.06691590312584428
120.765,0.1535117372798912,-0.1535117372798912
120.766,0.23440242520876775,-0.23440242520876775
120.767,0.2953853963075135,-0.2953853963075135
120.768,0.3239977583409379,-0.3239977583409379
120.769,0.31215160682655796,-0.31215160682655796
120.77,0.25821153248081663,-0.25821153248081663
120.771,0.16798112347416327,-0.16798112347416327
120.772,0.054240685894093366,-0.054240685894093366
120.773,0.06522973677477295,0.06522973677477295
120.774,0.17085484284093821,0.17085484284093821
120.775,0.24507791537195,0.24507791537195
120.776,0.275950618045365,0.275950618045365
120.777,0.25964276645607876,0.25964276645607876
120.778,0.20121942580477215,0.20121942580477215
120.779,0.11343240065819771,0.11343240065819771
120.78,0.013775711752742836,0.013775711752742836
120.781,0.0794773649339332,-0.0794773649339332
120.782,0.1512471253230353,-0.1512471253230353
120.783,0.19260867999756692,-0.19260867999756692
120.784,0.2020067597653955,-0.2020067597653955
120.785,0.18450137240113795,-0.18450137240113795
120.786,0.14940613807837366,-0.14940613807837366
120.787,0.10715139236808535,-0.10715139236808535
120.788,0.06640191232326886,-0.06640191232326886
120.789,0.03231201722008592,-0.03231201722008592
120.79,0.0063536049443040366,-0.0063536049443040366
120.791,0.01244130150925038,0.01244130150925038
120.792,0.02550983585420674,0.02550983585420674
120.793,0.03300957582190822,0.03300957582190822
120.794,0.03313297624742417,0.03313297624742417
120.795,0.02287099083082067,0.02287099083082067
120.796,2.790954605613738e-05,-2.790954605613738e-05
120.797,0.03473780295441431,-0.03473780295441431
120.798,0.0757912320442603,-0.0757912320442603
120.799,0.1132292550849362,-0.1132292550849362
120.8,0.13484210972132915,-0.13484210972132915
120.801,0.13005643305425385,-0.13005643305425385
120.802,0.09426207428483369,-0.09426207428483369
120.803,0.03197186531280238,-0.03197186531280238
120.804,0.042628790367327474,0.042628790367327474
120.805,0.10845017616371155,0.10845017616371155
120.806,0.14318861398442695,0.14318861398442695
120.807,0.13043351474258014,0.13043351474258014
120.808,0.06597147183188912,0.06597147183188912
120.809,0.038951888669846335,-0.038951888669846335
120.81,0.15889637791351863,-0.15889637791351863
120.811,0.2601580048416262,-0.2601580048416262
120.812,0.3099807637715488,-0.3099807637715488
120.813,0.2864613381725579,-0.2864613381725579
120.814,0.18610912080395625,-0.18610912080395625
120.815,0.02653263965875219,-0.02653263965875219
120.816,0.15691509786202884,0.15691509786202884
120.817,0.3198828979870121,0.3198828979870121
120.818,0.4208067253976071,0.4208067253976071
120.819,0.4323495170798832,0.4323495170798832
120.82,0.3491079619797708,0.3491079619797708
120.821,0.1892568584152352,0.1892568584152352
120.822,0.010393431114315566,-0.010393431114315566
120.823,0.2044635646929398,-0.2044635646929398
120.824,0.3511951948869182,-0.3511951948869182
120.825,0.4231666213522789,-0.4231666213522789
120.826,0.4134665533120445,-0.4134665533120445
120.827,0.335734597469436,-0.335734597469436
120.828,0.21841089710352102,-0.21841089710352102
120.829,0.09529695632988888,-0.09529695632988888
120.83,0.0044484160228386305,0.0044484160228386305
120.831,0.06377778315712401,0.06377778315712401
120.832,0.08061066198146483,0.08061066198146483
120.833,0.065641225584681,0.065641225584681
120.834,0.03635203050026692,0.03635203050026692
120.835,0.00965181089032252,0.00965181089032252
120.836,0.004175854697903381,-0.004175854697903381
120.837,0.004201965962104426,-0.004201965962104426
120.838,0.0024114342071126504,0.0024114342071126504
120.839,0.004836948412010322,0.004836948412010322
120.84,0.005783327220440615,-0.005783327220440615
120.841,0.03180121394473112,-0.03180121394473112
120.842,0.0674174405666117,-0.0674174405666117
120.843,0.10055427785616178,-0.10055427785616178
120.844,0.11749814450567753,-0.11749814450567753
120.845,0.10849613450299489,-0.10849613450299489
120.846,0.0721178292404493,-0.0721178292404493
120.847,0.01664634736466808,-0.01664634736466808
120.848,0.04213439503330396,0.04213439503330396
120.849,0.0860470165905709,0.0860470165905709
120.85,0.10072719071753888,0.10072719071753888
120.851,0.08070188087688135,0.08070188087688135
120.852,0.031491063251682716,0.031491063251682716
120.853,0.03206347501268225,-0.03206347501268225
120.854,0.09069615035035972,-0.09069615035035972
120.855,0.1271478131524474,-0.1271478131524474
120.856,0.13189079879632637,-0.13189079879632637
120.857,0.10616514926658394,-0.10616514926658394
120.858,0.06129630640220729,-0.06129630640220729
120.859,0.01457304971397766,-0.01457304971397766
120.86,0.01684052514039691,0.01684052514039691
120.861,0.021824650403758694,0.021824650403758694
120.862,0.0009809176953405885,-0.0009809176953405885
120.863,0.04289422895497941,-0.04289422895497941
120.864,0.08835110564817616,-0.08835110564817616
120.865,0.12032818235328002,-0.12032818235328002
120.866,0.1261054431062537,-0.1261054431062537
120.867,0.10139450129234784,-0.10139450129234784
120.868,0.05149753332153506,-0.05149753332153506
120.869,0.010759774379648812,0.010759774379648812
120.87,0.06945626650737213,0.06945626650737213
120.871,0.11073185931379204,0.11073185931379204
120.872,0.12688233181173558,0.12688233181173558
120.873,0.11808124248737184,0.11808124248737184
120.874,0.09133155098958756,0.09133155098958756
120.875,0.05724838159455614,0.05724838159455614
120.876,0.02599474549391978,0.02599474549391978
120.877,0.0038892668092769256,0.0038892668092769256
120.878,0.008162265790233603,-0.008162265790233603
120.879,0.014023099463635336,-0.014023099463635336
120.88,0.01993442349331309,-0.01993442349331309
120.881,0.03146134077136453,-0.03146134077136453
120.882,0.05102616451019404,-0.05102616451019404
120.883,0.0769548187229705,-0.0769548187229705
120.884,0.10429930115645447,-0.10429930115645447
120.885,0.12697317573948708,-0.12697317573948708
120.886,0.1402355556223116,-0.1402355556223116
120.887,0.14247028924443772,-0.14247028924443772
120.888,0.13554983772309914,-0.13554983772309914
120.889,0.1236945474354415,-0.1236945474354415
120.89,0.11137755522012749,-0.11137755522012749
120.891,0.10122169867105735,-0.10122169867105735
120.892,0.09282846103908449,-0.09282846103908449
120.893,0.08307595815687452,-0.08307595815687452
120.894,0.06779024749904505,-0.06779024749904505
120.895,0.04409230565762401,-0.04409230565762401
120.896,0.012401285914113491,-0.012401285914113491
120.897,0.022828804942326197,0.022828804942326197
120.898,0.05407669468618481,0.05407669468618481
120.899,0.07317690369973606,0.07317690369973606
120.9,0.07433412380420568,0.07433412380420568
120.901,0.056570837265520924,0.056570837265520924
120.902,0.024605869248668366,0.024605869248668366
120.903,0.012279894630508492,-0.012279894630508492
120.904,0.043080303164044875,-0.043080303164044875
120.905,0.0586325684306509,-0.0586325684306509
120.906,0.054640018645079835,-0.054640018645079835
120.907,0.03304525613775444,-0.03304525613775444
120.908,0.0012482609016113422,-0.0012482609016113422
120.909,0.030536284707593397,0.030536284707593397
120.91,0.0527922995970862,0.0527922995970862
120.911,0.05977466182776725,0.05977466182776725
120.912,0.051011797850423646,0.051011797850423646
120.913,0.030731981552571952,0.030731981552571952
120.914,0.005530758214596254,0.005530758214596254
120.915,0.018699652095739094,-0.018699652095739094
120.916,0.039257425739825824,-0.039257425739825824
120.917,0.057445733649528985,-0.057445733649528985
120.918,0.07731479012171338,-0.07731479012171338
120.919,0.10281519754574497,-0.10281519754574497
120.92,0.13457585167556374,-0.13457585167556374
120.921,0.16779034429152762,-0.16779034429152762
120.922,0.19236989919094738,-0.19236989919094738
120.923,0.1956885594373814,-0.1956885594373814
120.924,0.1672020018198258,-0.1672020018198258
120.925,0.10336045359615087,-0.10336045359615087
120.926,0.010908893661314312,-0.010908893661314312
120.927,0.09295692003389866,0.09295692003389866
120.928,0.1841178194619697,0.1841178194619697
120.929,0.23799426245047783,0.23799426245047783
120.93,0.23706697185642334,0.23706697185642334
120.931,0.17702436191404547,0.17702436191404547
120.932,0.06936636782532157,0.06936636782532157
120.933,0.06067538328915567,-0.06067538328915567
120.934,0.18055917411554123,-0.18055917411554123
120.935,0.25941149864918245,-0.25941149864918245
120.936,0.2768676761734954,-0.2768676761734954
120.937,0.22903125263823176,-0.22903125263823176
120.938,0.12965928239267444,-0.12965928239267444
120.939,0.006164374921247884,-0.006164374921247884
120.94,0.10834402196869353,0.10834402196869353
120.941,0.18451684170372418,0.18451684170372418
120.942,0.20482010356799063,0.20482010356799063
120.943,0.16778729219866229,0.16778729219866229
120.944,0.08733309273433365,0.08733309273433365
120.945,0.012413073918015827,-0.012413073918015827
120.946,0.10490341817142212,-0.10490341817142212
120.947,0.1690123094227377,-0.1690123094227377
120.948,0.1944760079661948,-0.1944760079661948
120.949,0.18342062200959064,-0.18342062200959064
120.95,0.14784586743109585,-0.14784586743109585
120.951,0.10426962559002617,-0.10426962559002617
120.952,0.06758418746204564,-0.06758418746204564
120.953,0.046269022592449915,-0.046269022592449915
120.954,0.040459267669353594,-0.040459267669353594
120.955,0.0432528429378265,-0.0432528429378265
120.956,0.04447149843721665,-0.04447149843721665
120.957,0.0352864513683514,-0.0352864513683514
120.958,0.011939613197921028,-0.011939613197921028
120.959,0.02273992413238579,0.02273992413238579
120.96,0.06041929139453828,0.06041929139453828
120.961,0.09035682543390466,0.09035682543390466
120.962,0.10322478301815607,0.10322478301815607
120.963,0.09420702348678045,0.09420702348678045
120.964,0.06430537676443837,0.06430537676443837
120.965,0.019548386453395405,0.019548386453395405
120.966,0.03138444676541663,-0.03138444676541663
120.967,0.08005146166741228,-0.08005146166741228
120.968,0.12048540111745465,-0.12048540111745465
120.969,0.14999481095874967,-0.14999481095874967
120.97,0.1684274304839477,-0.1684274304839477
120.971,0.17647801231664306,-0.17647801231664306
120.972,0.17402596993096742,-0.17402596993096742
120.973,0.15944199873401343,-0.15944199873401343
120.974,0.13032782852319347,-0.13032782852319347
120.975,0.08544936866665565,-0.08544936866665565
120.976,0.0269902198500791,-0.0269902198500791
120.977,0.038031266909813954,0.038031266909813954
120.978,0.09812828650920502,0.09812828650920502
120.979,0.1397918165363352,0.1397918165363352
120.98,0.15145961193628055,0.15145961193628055
120.981,0.12772731519171066,0.12772731519171066
120.982,0.07223070937400489,0.07223070937400489
120.983,0.0020774472264482036,-0.0020774472264482036
120.984,0.07571927882069684,-0.07571927882069684
120.985,0.12795213036082154,-0.12795213036082154
120.986,0.14296258786926608,-0.14296258786926608
120.987,0.11500576040755783,-0.11500576040755783
120.988,0.05072162171330119,-0.05072162171330119
120.989,0.03228942552530567,0.03228942552530567
120.99,0.11034183397708097,0.11034183397708097
120.991,0.1605460860992396,0.1605460860992396
120.992,0.1675520656197973,0.1675520656197973
120.993,0.12802079387649368,0.12802079387649368
120.994,0.051417437323688864,0.051417437323688864
120.995,0.04308010243767613,-0.04308010243767613
120.996,0.13249619049628403,-0.13249619049628403
120.997,0.19683691036039308,-0.19683691036039308
120.998,0.22454899392863226,-0.22454899392863226
120.999,0.21498809533493968,-0.21498809533493968
121.0,0.17729094959498093,-0.17729094959498093
121.001,0.1262800834078346,-0.1262800834078346
121.002,0.07700001107241639,-0.07700001107241639
121.003,0.03985846730573961,-0.03985846730573961
121.004,0.01801158514123813,-0.01801158514123813
121.005,0.007729703829356005,-0.007729703829356005
121.006,0.0013525558433239437,-0.0013525558433239437
121.007,0.00849563298703182,0.00849563298703182
121.008,0.02517171433722276,0.02517171433722276
121.009,0.046246553048135075,0.046246553048135075
121.01,0.06438204913619905,0.06438204913619905
121.011,0.07047546672293192,0.07047546672293192
121.012,0.05779620618976966,0.05779620618976966
121.013,0.025434990839344307,0.025434990839344307
121.014,0.020374903062073235,-0.020374903062073235
121.015,0.06770916238284486,-0.06770916238284486
121.016,0.1027661226858787,-0.1027661226858787
121.017,0.11471067736323004,-0.11471067736323004
121.018,0.09977531168866793,-0.09977531168866793
121.019,0.06305530927316827,-0.06305530927316827
121.02,0.01722918592166467,-0.01722918592166467
121.021,0.021468910630413784,0.021468910630413784
121.022,0.03869560800837735,0.03869560800837735
121.023,0.026989497742638147,0.026989497742638147
121.024,0.011451963269645038,-0.011451963269645038
121.025,0.06522783750299799,-0.06522783750299799
121.026,0.11732981876949289,-0.11732981876949289
121.027,0.15069893972545,-0.15069893972545
121.028,0.15387752268581578,-0.15387752268581578
121.029,0.12484876376684417,-0.12484876376684417
121.03,0.07177004843804724,-0.07177004843804724
121.031,0.010359510773392477,-0.010359510773392477
121.032,0.04117853800271054,0.04117853800271054
121.033,0.06799198832192777,0.06799198832192777
121.034,0.0632601812609146,0.0632601812609146
121.035,0.030215461662044696,0.030215461662044696
121.036,0.019078323553772147,-0.019078323553772147
121.037,0.06769775751066065,-0.06769775751066065
121.038,0.0992162729974525,-0.0992162729974525
121.039,0.10269554169137018,-0.10269554169137018
121.04,0.07577359712939913,-0.07577359712939913
121.041,0.025014061985639935,-0.025014061985639935
121.042,0.036391373319451414,0.036391373319451414
121.043,0.09264947642021548,0.09264947642021548
121.044,0.12975013568809812,0.12975013568809812
121.045,0.1388790561411819,0.1388790561411819
121.046,0.11800216595198543,0.11800216595198543
121.047,0.07146350094223264,0.07146350094223264
121.048,0.008090607494700919,0.008090607494700919
121.049,0.061319645386591626,-0.061319645386591626
121.05,0.12625978545506045,-0.12625978545506045
121.051,0.1779634568273708,-0.1779634568273708
121.052,0.20997372257334124,-0.20997372257334124
121.053,0.21815861641551693,-0.21815861641551693
121.054,0.20067068788501496,-0.20067068788501496
121.055,0.15821589965462468,-0.15821589965462468
121.056,0.09464870652095703,-0.09464870652095703
121.057,0.017524819234733036,-0.017524819234733036
121.058,0.06197712468432437,0.06197712468432437
121.059,0.13027412754483203,0.13027412754483203
121.06,0.1738617469617123,0.1738617469617123
121.061,0.18262923412214693,0.18262923412214693
121.062,0.15307359626911943,0.15307359626911943
121.063,0.09026311188571823,0.09026311188571823
121.064,0.007607814073690156,0.007607814073690156
121.065,0.07589375273222154,-0.07589375273222154
121.066,0.14042736764498076,-0.14042736764498076
121.067,0.17088194840018545,-0.17088194840018545
121.068,0.16142967613341563,-0.16142967613341563
121.069,0.11761723687995185,-0.11761723687995185
121.07,0.055101308610136734,-0.055101308610136734
121.071,0.004801166302068616,0.004801166302068616
121.072,0.041520884192887575,0.041520884192887575
121.073,0.041662856144756955,0.041662856144756955
121.074,0.003407885642518149,0.003407885642518149
121.075,0.0625857594503696,-0.0625857594503696
121.076,0.13617497178045734,-0.13617497178045734
121.077,0.19376682998492645,-0.19376682998492645
121.078,0.2155439643263577,-0.2155439643263577
121.079,0.19161441529734258,-0.19161441529734258
121.08,0.12514183929549716,-0.12514183929549716
121.081,0.03147221526287669,-0.03147221526287669
121.082,0.066441587206991,0.066441587206991
121.083,0.14483189182321632,0.14483189182321632
121.084,0.18595027100857564,0.18595027100857564
121.085,0.18280175875379068,0.18280175875379068
121.086,0.14037480530311552,0.14037480530311552
121.087,0.07314839632279568,0.07314839632279568
121.088,0.00011427068386382633,-0.00011427068386382633
121.089,0.06242245068034524,-0.06242245068034524
121.09,0.10340547297577007,-0.10340547297577007
121.091,0.12140632560513875,-0.12140632560513875
121.092,0.12230804553193408,-0.12230804553193408
121.093,0.11575858254350824,-0.11575858254350824
121.094,0.11036851886435917,-0.11036851886435917
121.095,0.10977716168606177,-0.10977716168606177
121.096,0.11110901313199928,-0.11110901313199928
121.097,0.10641443742236112,-0.10641443742236112
121.098,0.08654237064493997,-0.08654237064493997
121.099,0.04594372470225472,-0.04594372470225472
121.1,0.013502499418049041,0.013502499418049041
121.101,0.08125792271430266,0.08125792271430266
121.102,0.1402106146543669,0.1402106146543669
121.103,0.17160863757525346,0.17160863757525346
121.104,0.161301656177663,0.161301656177663
121.105,0.10518426242538892,0.10518426242538892
121.106,0.011884256422273864,0.011884256422273864
121.107,0.09842730885549578,-0.09842730885549578
121.108,0.19897869942180457,-0.19897869942180457
121.109,0.26371814234006985,-0.26371814234006985
121.11,0.2748099069622144,-0.2748099069622144
121.111,0.22797977309135242,-0.22797977309135242
121.112,0.13401520576335246,-0.13401520576335246
121.113,0.015910751487462127,-0.015910751487462127
121.114,0.09749655792222822,0.09749655792222822
121.115,0.17947338870535923,0.17947338870535923
121.116,0.21252485984288727,0.21252485984288727
121.117,0.1926217494848781,0.1926217494848781
121.118,0.12937455103194373,0.12937455103194373
121.119,0.04229407045826794,0.04229407045826794
121.12,0.04552260032839306,-0.04552260032839306
121.121,0.1142112181210847,-0.1142112181210847
121.122,0.15235173027538707,-0.15235173027538707
121.123,0.15909055505223368,-0.15909055505223368
121.124,0.14276665417372347,-0.14276665417372347
121.125,0.11678187114272498,-0.11678187114272498
121.126,0.09429839045201505,-0.09429839045201505
121.127,0.08362085671312602,-0.08362085671312602
121.128,0.0857645633961206,-0.0857645633961206
121.129,0.09487392849132747,-0.09487392849132747
121.13,0.10114144746100251,-0.10114144746100251
121.131,0.09503686386091281,-0.09503686386091281
121.132,0.0712660365384743,-0.0712660365384743
121.133,0.03105104743706044,-0.03105104743706044
121.134,0.018026453945151122,0.018026453945151122
121.135,0.06449165675591262,0.06449165675591262
121.136,0.09682050072297987,0.09682050072297987
121.137,0.10727806048652799,0.10727806048652799
121.138,0.09441429919483824,0.09441429919483824
121.139,0.06338859517268025,0.06338859517268025
121.14,0.02407305675905458,0.02407305675905458
121.141,0.01234554286931655,-0.01234554286931655
121.142,0.03705048899632901,-0.03705048899632901
121.143,0.04629376934849683,-0.04629376934849683
121.144,0.0422201419329129,-0.0422201419329129
121.145,0.03160688646893217,-0.03160688646893217
121.146,0.023038154609894224,-0.023038154609894224
121.147,0.023557757096011933,-0.023557757096011933
121.148,0.03599080472352467,-0.03599080472352467
121.149,0.05785497330977396,-0.05785497330977396
121.15,0.08220353219865673,-0.08220353219865673
121.151,0.10006484239454272,-0.10006484239454272
121.152,0.10360351773455634,-0.10360351773455634
121.153,0.08890723288327518,-0.08890723288327518
121.154,0.05746398866790936,-0.05746398866790936
121.155,0.01586706611200328,-0.01586706611200328
121.156,0.026105885256921812,0.026105885256921812
121.157,0.05836134200148413,0.05836134200148413
121.158,0.07335070497134377,0.07335070497134377
121.159,0.06802668590357408,0.06802668590357408
121.16,0.04435316132013223,0.04435316132013223
121.161,0.008337065860387183,0.008337065860387183
121.162,0.03196824591734915,-0.03196824591734915
121.163,0.06875150887610237,-0.06875150887610237
121.164,0.09627833878144865,-0.09627833878144865
121.165,0.11177587827687085,-0.11177587827687085
121.166,0.11526643886929022,-0.11526643886929022
121.167,0.1086342178960632,-0.1086342178960632
121.168,0.0944416631569246,-0.0944416631569246
121.169,0.07501765241068781,-0.07501765241068781
121.17,0.052135843397743464,-0.052135843397743464
121.171,0.027286548497196028,-0.027286548497196028
121.172,0.002256538721504664,-0.002256538721504664
121.173,0.020410916981253857,0.020410916981253857
121.174,0.03744202278228137,0.03744202278228137
121.175,0.045474677194879964,0.045474677194879964
121.176,0.0421387410480758,0.0421387410480758
121.177,0.0271489456693792,0.0271489456693792
121.178,0.002910021010884334,0.002910021010884334
121.179,0.025726724685091296,-0.025726724685091296
121.18,0.05260695187107434,-0.05260695187107434
121.181,0.07200712612229465,-0.07200712612229465
121.182,0.0803800682498157,-0.0803800682498157
121.183,0.07747309324150387,-0.07747309324150387
121.184,0.06636599000219645,-0.06636599000219645
121.185,0.052352373239452854,-0.052352373239452854
121.186,0.04101911080439136,-0.04101911080439136
121.187,0.03620055096575203,-0.03620055096575203
121.188,0.038566436029607076,-0.038566436029607076
121.189,0.04539957272454742,-0.04539957272454742
121.19,0.05169364833907686,-0.05169364833907686
121.191,0.05220384234161868,-0.05220384234161868
121.192,0.04369926070382124,-0.04369926070382124
121.193,0.026548964093458416,-0.026548964093458416
121.194,0.004981182296087572,-0.004981182296087572
121.195,0.014173532161064983,0.014173532161064983
121.196,0.023874719402180444,0.023874719402180444
121.197,0.019561801658601885,0.019561801658601885
121.198,0.001136668293034937,0.001136668293034937
121.199,0.02656172972975679,-0.02656172972975679
121.2,0.05507388778382416,-0.05507388778382416
121.201,0.0750561122488711,-0.0750561122488711
121.202,0.07951237997249894,-0.07951237997249894
121.203,0.06635827665989424,-0.06635827665989424
121.204,0.03933557838130386,-0.03933557838130386
121.205,0.006854760956087058,-0.006854760956087058
121.206,0.020908914839080417,0.020908914839080417
121.207,0.03567016550066282,0.03567016550066282
121.208,0.03410630981100038,0.03410630981100038
121.209,0.01915522999641417,0.01915522999641417
121.21,0.0010586146337484559,-0.0010586146337484559
121.211,0.01640986217853957,-0.01640986217853957
121.212,0.01899036571026902,-0.01899036571026902
121.213,0.006805411635940506,-0.006805411635940506
121.214,0.014538851445799805,0.014538851445799805
121.215,0.03302014026540312,0.03302014026540312
121.216,0.03412812055805303,0.03412812055805303
121.217,0.006378959140858509,0.006378959140858509
121.218,0.05343722384390048,-0.05343722384390048
121.219,0.13722179532439072,-0.13722179532439072
121.22,0.22610285858195178,-0.22610285858195178
121.221,0.2947849867729234,-0.2947849867729234
121.222,0.31867218484080717,-0.31867218484080717
121.223,0.2816933305756536,-0.2816933305756536
121.224,0.18235239144724946,-0.18235239144724946
121.225,0.035914798102486545,-0.035914798102486545
121.226,0.12826021647006214,0.12826021647006214
121.227,0.27375181163767626,0.27375181163767626
121.228,0.3665917323493537,0.3665917323493537
121.229,0.3845273155437703,0.3845273155437703
121.23,0.3232832884483241,0.3232832884483241
121.231,0.19791585337158413,0.19791585337158413
121.232,0.03880404024129591,0.03880404024129591
121.233,0.11656981177840964,-0.11656981177840964
121.234,0.2336428467681988,-0.2336428467681988
121.235,0.2896807430730066,-0.2896807430730066
121.236,0.27904758972639887,-0.27904758972639887
121.237,0.21346836534287117,-0.21346836534287117
121.238,0.1174597402711578,-0.1174597402711578
121.239,0.02053988636369486,-0.02053988636369486
121.24,0.05129470057852603,0.05129470057852603
121.241,0.08227356096407257,0.08227356096407257
121.242,0.06991989880675598,0.06991989880675598
121.243,0.023920926452867253,0.023920926452867253
121.244,0.03841205869177178,-0.03841205869177178
121.245,0.09831159139852297,-0.09831159139852297
121.246,0.14122818245106605,-0.14122818245106605
121.247,0.16027341157600272,-0.16027341157600272
121.248,0.1566235043650943,-0.1566235043650943
121.249,0.13719336182702702,-0.13719336182702702
121.25,0.11079984238619267,-0.11079984238619267
121.251,0.08442957378445981,-0.08442957378445981
121.252,0.06100620912956689,-0.06100620912956689
121.253,0.03933656503657168,-0.03933656503657168
121.254,0.01599888314204434,-0.01599888314204434
121.255,0.011826973880040725,0.011826973880040725
121.256,0.043916853617189,0.043916853617189
121.257,0.07606349498532117,0.07606349498532117
121.258,0.10110219012171062,0.10110219012171062
121.259,0.1115288875305267,0.1115288875305267
121.26,0.10265751417781344,0.10265751417781344
121.261,0.07500044091945401,0.07500044091945401
121.262,0.034816617985060416,0.034816617985060416
121.263,0.007539596846384056,-0.007539596846384056
121.264,0.040979653997768595,-0.040979653997768595
121.265,0.05756607310370587,-0.05756607310370587
121.266,0.05547017948318578,-0.05547017948318578
121.267,0.039829847821709174,-0.039829847821709174
121.268,0.021069408012413193,-0.021069408012413193
121.269,0.011172393151042237,-0.011172393151042237
121.27,0.019180359477634967,-0.019180359477634967
121.271,0.047533553188219724,-0.047533553188219724
121.272,0.09063237832033133,-0.09063237832033133
121.273,0.13625145254853555,-0.13625145254853555
121.274,0.16943652069611748,-0.16943652069611748
121.275,0.17761219262419703,-0.17761219262419703
121.276,0.15515081132792974,-0.15515081132792974
121.277,0.10577999021876239,-0.10577999021876239
121.278,0.04190721728215785,-0.04190721728215785
121.279,0.019019991166590255,0.019019991166590255
121.28,0.05997759069605424,0.05997759069605424
121.281,0.06986203247053568,0.06986203247053568
121.282,0.04718338286901136,0.04718338286901136
121.283,0.0006942644441916279,0.0006942644441916279
121.284,0.05329665188295385,-0.05329665188295385
121.285,0.09607812558670625,-0.09607812558670625
121.286,0.11248964469425449,-0.11248964469425449
121.287,0.09574459970735338,-0.09574459970735338
121.288,0.04957109335009613,-0.04957109335009613
121.289,0.012995987514214935,0.012995987514214935
121.29,0.07374526531484804,0.07374526531484804
121.291,0.11498081152001993,0.11498081152001993
121.292,0.1249436684221199,0.1249436684221199
121.293,0.10126535853832319,0.10126535853832319
121.294,0.05143365728535643,0.05143365728535643
121.295,0.009767978828560175,-0.009767978828560175
121.296,0.0649326880925859,-0.0649326880925859
121.297,0.09928193066747759,-0.09928193066747759
121.298,0.10486517684853769,-0.10486517684853769
121.299,0.0824981358736816,-0.0824981358736816
121.3,0.04100535717470066,-0.04100535717470066
121.301,0.005811524891761843,0.005811524891761843
121.302,0.043403018881948086,0.043403018881948086
121.303,0.06055877277713306,0.06055877277713306
121.304,0.05219050658600399,0.05219050658600399
121.305,0.020166251959771397,0.020166251959771397
121.306,0.027795375624782404,-0.027795375624782404
121.307,0.08059891654760176,-0.08059891654760176
121.308,0.12673825388189397,-0.12673825388189397
121.309,0.15689590935469688,-0.15689590935469688
121.31,0.1655946144524021,-0.1655946144524021
121.311,0.15172067774520537,-0.15172067774520537
121.312,0.11809930040832595,-0.11809930040832595
121.313,0.0705032989793355,-0.0705032989793355
121.314,0.016481437526987275,-0.016481437526987275
121.315,0.03575025794257569,0.03575025794257569
121.316,0.07829732301870185,0.07829732301870185
121.317,0.10452162955819255,0.10452162955819255
121.318,0.10998484758637384,0.10998484758637384
121.319,0.09334432021954919,0.09334432021954919
121.32,0.056984993401616446,0.056984993401616446
121.321,0.007073498701407166,0.007073498701407166
121.322,0.04723202515009184,-0.04723202515009184
121.323,0.09547085247635545,-0.09547085247635545
121.324,0.12820472598172372,-0.12820472598172372
121.325,0.13941380405324655,-0.13941380405324655
121.326,0.12824380449848993,-0.12824380449848993
121.327,0.0994702141855992,-0.0994702141855992
121.328,0.06237773464102603,-0.06237773464102603
121.329,0.028241806164766126,-0.028241806164766126
121.33,0.007082672235219856,-0.007082672235219856
121.331,0.004664533145625982,-0.004664533145625982
121.332,0.020707251014355554,-0.020707251014355554
121.333,0.048941949544062724,-0.048941949544062724
121.334,0.07906846982839477,-0.07906846982839477
121.335,0.10004646781042947,-0.10004646781042947
121.336,0.1036865561557283,-0.1036865561557283
121.337,0.08737105298137293,-0.08737105298137293
121.338,0.05498607924197929,-0.05498607924197929
121.339,0.015715911976792674,-0.015715911976792674
121.34,0.018946871554414324,0.018946871554414324
121.341,0.03902001009608291,0.03902001009608291
121.342,0.03942730280262907,0.03942730280262907
121.343,0.0218343352043866,0.0218343352043866
121.344,0.005720013063819751,-0.005720013063819751
121.345,0.03132853315917061,-0.03132853315917061
121.346,0.04309168458507484,-0.04309168458507484
121.347,0.03314434411967937,-0.03314434411967937
121.348,0.0005487349901410754,-0.0005487349901410754
121.349,0.04788602025267652,0.04788602025267652
121.35,0.09915715470234998,0.09915715470234998
121.351,0.1375653061557891,0.1375653061557891
121.352,0.14913916690221574,0.14913916690221574
121.353,0.12570322320436356,0.12570322320436356
121.354,0.06742564674525431,0.06742564674525431
121.355,0.016857872195335966,-0.016857872195335966
121.356,0.11160540567942778,-0.11160540567942778
121.357,0.19824711108413762,-0.19824711108413762
121.358,0.25957692846733205,-0.25957692846733205
121.359,0.28371946383564994,-0.28371946383564994
121.36,0.266710885799502,-0.266710885799502
121.361,0.2131426250249422,-0.2131426250249422
121.362,0.1348265273500241,-0.1348265273500241
121.363,0.04790867072138183,-0.04790867072138183
121.364,0.03082196686237726,0.03082196686237726
121.365,0.0875665119543001,0.0875665119543001
121.366,0.11430648833483947,0.11430648833483947
121.367,0.11019593906743386,0.11019593906743386
121.368,0.0813142091370771,0.0813142091370771
121.369,0.038875133917850135,0.038875133917850135
121.37,0.0037037038919132126,-0.0037037038919132126
121.371,0.03423040891171936,-0.03423040891171936
121.372,0.04489478611190845,-0.04489478611190845
121.373,0.03438790750466103,-0.03438790750466103
121.374,0.008394502090152911,-0.008394502090152911
121.375,0.021798934881561483,0.021798934881561483
121.376,0.04238574452641641,0.04238574452641641
121.377,0.04113773976542179,0.04113773976542179
121.378,0.011472082288980223,0.011472082288980223
121.379,0.044703460628309655,-0.044703460628309655
121.38,0.11637088422967634,-0.11637088422967634
121.381,0.18549227837886795,-0.18549227837886795
121.382,0.23154244292690584,-0.23154244292690584
121.383,0.23743006185100668,-0.23743006185100668
121.384,0.19517944730362757,-0.19517944730362757
121.385,0.10959955175605984,-0.10959955175605984
121.386,0.0014401550540334984,0.0014401550540334984
121.387,0.1106288239655473,0.1106288239655473
121.388,0.18808581831936255,0.18808581831936255
121.389,0.20976666428752955,0.20976666428752955
121.39,0.16503035433896196,0.16503035433896196
121.391,0.06101389091829312,0.06101389091829312
121.392,0.07778711214654133,-0.07778711214654133
121.393,0.21501732085643266,-0.21501732085643266
121.394,0.3118146004105369,-0.3118146004105369
121.395,0.3375443266888981,-0.3375443266888981
121.396,0.27886754211572007,-0.27886754211572007
121.397,0.1444143220633931,-0.1444143220633931
121.398,0.03650208747714312,0.03650208747714312
121.399,0.22100343107626963,0.22100343107626963
121.4,0.3637503256431913,0.3637503256431913
121.401,0.42896515525053336,0.42896515525053336
121.402,0.3999758354243006,0.3999758354243006
121.403,0.28356160932170615,0.28356160932170615
121.404,0.10788114463538734,0.10788114463538734
121.405,0.08536761497051792,-0.08536761497051792
121.406,0.25223673777427547,-0.25223673777427547
121.407,0.35798732284385815,-0.35798732284385815
121.408,0.38547568478076844,-0.38547568478076844
121.409,0.33823243380528,-0.33823243380528
121.41,0.23765043537881736,-0.23765043537881736
121.411,0.11546447745595478,-0.11546447745595478
121.412,0.0040382513532347675,-0.0040382513532347675
121.413,0.07252605014319946,0.07252605014319946
121.414,0.10389598229753272,0.10389598229753272
121.415,0.09429995333721974,0.09429995333721974
121.416,0.05883319125101516,0.05883319125101516
121.417,0.01690063350390969,0.01690063350390969
121.418,0.014807203804289792,-0.014807203804289792
121.419,0.027468471927852733,-0.027468471927852733
121.42,0.021901390271381493,-0.021901390271381493
121.421,0.006708992832015648,-0.006708992832015648
121.422,0.0061854508690430965,0.0061854508690430965
121.423,0.006769983053481088,0.006769983053481088
121.424,0.009030473678148021,-0.009030473678148021
121.425,0.03793655644699201,-0.03793655644699201
121.426,0.07087098205365217,-0.07087098205365217
121.427,0.09674262182286464,-0.09674262182286464
121.428,0.10692150235641196,-0.10692150235641196
121.429,0.09867004926833312,-0.09867004926833312
121.43,0.07623940047387134,-0.07623940047387134
121.431,0.04924374468760462,-0.04924374468760462
121.432,0.02895008420260814,-0.02895008420260814
121.433,0.02389133779832142,-0.02389133779832142
121.434,0.03645326218853173,-0.03645326218853173
121.435,0.0617217545204084,-0.0617217545204084
121.436,0.08904734915845536,-0.08904734915845536
121.437,0.10579326696973046,-0.10579326696973046
121.438,0.1019398930990083,-0.1019398930990083
121.439,0.07390398797397657,-0.07390398797397657
121.44,0.02620261213749564,-0.02620261213749564
121.441,0.02965262972434335,0.02965262972434335
121.442,0.07867789404662462,0.07867789404662462
121.443,0.10716603902364463,0.10716603902364463
121.444,0.10705735374281922,0.10705735374281922
121.445,0.0784722244122451,0.0784722244122451
121.446,0.02959041706066534,0.02959041706066534
121.447,0.02602773602251207,-0.02602773602251207
121.448,0.07372709032836633,-0.07372709032836633
121.449,0.10219187709148281,-0.10219187709148281
121.45,0.10657564162937372,-0.10657564162937372
121.451,0.0893746766395701,-0.0893746766395701
121.452,0.05889765898438537,-0.05889765898438537
121.453,0.02600381873540547,-0.02600381873540547
121.454,0.0003313090571280819,-0.0003313090571280819
121.455,0.01266356303403926,0.01266356303403926
121.456,0.012902213701693421,0.012902213701693421
121.457,0.004843589276201543,0.004843589276201543
121.458,0.004919847790893717,-0.004919847790893717
121.459,0.010621318129678037,-0.010621318129678037
121.46,0.00968004674587275,-0.00968004674587275
121.461,0.003591439435160493,-0.003591439435160493
121.462,0.0029313030699873455,0.0029313030699873455
121.463,0.004166224072369884,0.004166224072369884
121.464,0.003964954868712622,-0.003964954868712622
121.465,0.02186714967157455,-0.02186714967157455
121.466,0.045687590068326234,-0.045687590068326234
121.467,0.06844892359317967,-0.06844892359317967
121.468,0.08251971767847233,-0.08251971767847233
121.469,0.08252824583579432,-0.08252824583579432
121.47,0.06763646378734078,-0.06763646378734078
121.471,0.04229565113123013,-0.04229565113123013
121.472,0.015130397324841338,-0.015130397324841338
121.473,0.003743003571835546,0.003743003571835546
121.474,0.006096700570260127,0.006096700570260127
121.475,0.01146326481792126,-0.01146326481792126
121.476,0.04599864014620181,-0.04599864014620181
121.477,0.08873460788476273,-0.08873460788476273
121.478,0.12744539506865438,-0.12744539506865438
121.479,0.15000958201609427,-0.15000958201609427
121.48,0.14803702964845333,-0.14803702964845333
121.481,0.11944956139519336,-0.11944956139519336
121.482,0.0692336892907619,-0.0692336892907619
121.483,0.008157164648876725,-0.008157164648876725
121.484,0.050139000524049404,0.050139000524049404
121.485,0.09279219908333403,0.09279219908333403
121.486,0.11105253442904006,0.11105253442904006
121.487,0.10238562969545795,0.10238562969545795
121.488,0.07083620674973368,0.07083620674973368
121.489,0.02566709948013335,0.02566709948013335
121.49,0.02123999095413598,-0.02123999095413598
121.491,0.058449050347840426,-0.058449050347840426
121.492,0.07768711223019453,-0.07768711223019453
121.493,0.07558789551789746,-0.07558789551789746
121.494,0.054159362899552144,-0.054159362899552144
121.495,0.02002002826141469,-0.02002002826141469
121.496,0.017281704355397665,0.017281704355397665
121.497,0.04741445339516348,0.04741445339516348
121.498,0.06142299855202493,0.06142299855202493
121.499,0.053532828872814076,0.053532828872814076
121.5,0.022352602021365797,0.022352602021365797
121.501,0.028667166876393257,-0.028667166876393257
121.502,0.09158345501047316,-0.09158345501047316
121.503,0.15511728120636747,-0.15511728120636747
121.504,0.20653296627135387,-0.20653296627135387
121.505,0.23403217952917765,-0.23403217952917765
121.506,0.2293003808296502,-0.2293003808296502
121.507,0.18970245296144284,-0.18970245296144284
121.508,0.11956480588354212,-0.11956480588354212
121.509,0.03006566247491005,-0.03006566247491005
121.51,0.062490850460120706,0.062490850460120706
121.511,0.13985171492851722,0.13985171492851722
121.512,0.18584790015269048,0.18584790015269048
121.513,0.19034960102218568,0.19034960102218568
121.514,0.1520919570835375,0.1520919570835375
121.515,0.07949700022463735,0.07949700022463735
121.516,0.010919787016354543,-0.010919787016354543
121.517,0.09832893733878989,-0.09832893733878989
121.518,0.16268198661876054,-0.16268198661876054
121.519,0.18980837797377337,-0.18980837797377337
121.52,0.1751102818299074,-0.1751102818299074
121.521,0.12477023663364384,-0.12477023663364384
121.522,0.054046856304603375,-0.054046856304603375
121.523,0.01694394769466423,0.01694394769466423
121.524,0.0688218923186592,0.0688218923186592
121.525,0.08833514754997229,0.08833514754997229
121.526,0.0719987412929779,0.0719987412929779
121.527,0.026908500249297695,0.026908500249297695
121.528,0.031523499379571884,-0.031523499379571884
121.529,0.08425744418524317,-0.08425744418524317
121.53,0.11435693482401132,-0.11435693482401132
121.531,0.11206106998548127,-0.11206106998548127
121.532,0.07768560315408435,-0.07768560315408435
121.533,0.021489640820096523,-0.021489640820096523
121.534,0.03944259864536104,0.03944259864536104
121.535,0.08635508359533972,0.08635508359533972
121.536,0.1044464415395856,0.1044464415395856
121.537,0.08727224277469792,0.08727224277469792
121.538,0.038608328897054456,0.038608328897054456
121.539,0.028757530629535233,-0.028757530629535233
121.54,0.09689911829259024,-0.09689911829259024
121.541,0.14807787000375172,-0.14807787000375172
121.542,0.1698844228803459,-0.1698844228803459
121.543,0.15864330762401824,-0.15864330762401824
121.544,0.1200915348954098,-0.1200915348954098
121.545,0.0672025799846161,-0.0672025799846161
121.546,0.015913482391652356,-0.015913482391652356
121.547,0.019853474611479127,0.019853474611479127
121.548,0.03229773147072024,0.03229773147072024
121.549,0.021715027787456487,0.021715027787456487
121.55,0.004211284573950702,-0.004211284573950702
121.551,0.03347955276334902,-0.03347955276334902
121.552,0.05412167098886478,-0.05412167098886478
121.553,0.05836365392198406,-0.05836365392198406
121.554,0.04520985688606949,-0.04520985688606949
121.555,0.020606993779937244,-0.020606993779937244
121.556,0.0048403857405434625,0.0048403857405434625
121.557,0.01980859264963941,0.01980859264963941
121.558,0.01649325992841777,0.01649325992841777
121.559,0.006318902485749622,-0.006318902485749622
121.56,0.04243536659191438,-0.04243536659191438
121.561,0.0800449107505069,-0.0800449107505069
121.562,0.10557767020712028,-0.10557767020712028
121.563,0.1083931058518155,-0.1083931058518155
121.564,0.08473139065105084,-0.08473139065105084
121.565,0.0395542863946321,-0.0395542863946321
121.566,0.014448357469649231,0.014448357469649231
121.567,0.060501786890247544,0.060501786890247544
121.568,0.08297649778308003,0.08297649778308003
121.569,0.07258069355420971,0.07258069355420971
121.57,0.02983450088381323,0.02983450088381323
121.571,0.03437263497830978,-0.03437263497830978
121.572,0.10145978484238949,-0.10145978484238949
121.573,0.15037725805734803,-0.15037725805734803
121.574,0.16386263982529636,-0.16386263982529636
121.575,0.1338479051220004,-0.1338479051220004
121.576,0.06434114960657289,-0.06434114960657289
121.577,0.02916435765909986,0.02916435765909986
121.578,0.12366624077100496,0.12366624077100496
121.579,0.1949020265387098,0.1949020265387098
121.58,0.22406071496318747,0.22406071496318747
121.581,0.202992313609198,0.202992313609198
121.582,0.13639098038558006,0.13639098038558006
121.583,0.04032903136970889,0.04032903136970889
121.584,0.06239358048745092,-0.06239358048745092
121.585,0.14867914934733706,-0.14867914934733706
121.586,0.20142855844789687,-0.20142855844789687
121.587,0.21386720994989072,-0.21386720994989072
121.588,0.1906933465777233,-0.1906933465777233
121.589,0.14582451379056072,-0.14582451379056072
121.59,0.09754746346275778,-0.09754746346275778
121.591,0.06263653111640399,-0.06263653111640399
121.592,0.05126771563827082,-0.05126771563827082
121.593,0.06425081195076954,-0.06425081195076954
121.594,0.0933375767570076,-0.0933375767570076
121.595,0.12438794170662748,-0.12438794170662748
121.596,0.14229679780650595,-0.14229679780650595
121.597,0.13607159279001557,-0.13607159279001557
121.598,0.10245545163285352,-0.10245545163285352
121.599,0.0469960740987021,-0.0469960740987021
121.6,0.017704736798251464,0.017704736798251464
121.601,0.0759329282366965,0.0759329282366965
121.602,0.11369735873824305,0.11369735873824305
121.603,0.12291703489571337,0.12291703489571337
121.604,0.10366714219047468,0.10366714219047468
121.605,0.06383775658011426,0.06383775658011426
121.606,0.016390777347659702,0.016390777347659702
121.607,0.024849831446799087,-0.024849831446799087
121.608,0.0495051445937047,-0.0495051445937047
121.609,0.053684908053377445,-0.053684908053377445
121.61,0.040843126727953094,-0.040843126727953094
121.611,0.020236320521804907,-0.020236320521804907
121.612,0.0035377960427769306,-0.0035377960427769306
121.613,0.0007314715615168721,-0.0007314715615168721
121.614,0.016613646896009193,-0.016613646896009193
121.615,0.04901628066897923,-0.04901628066897923
121.616,0.08930806849783968,-0.08930806849783968
121.617,0.12501058168431434,-0.12501058168431434
121.618,0.1437109860511695,-0.1437109860511695
121.619,0.13705938986475297,-0.13705938986475297
121.62,0.10362081036947968,-0.10362081036947968
121.621,0.04970520904915765,-0.04970520904915765
121.622,0.012091327793940954,0.012091327793940954
121.623,0.06622328761195706,0.06622328761195706
121.624,0.09845469955011055,0.09845469955011055
121.625,0.0998284025207552,0.0998284025207552
121.626,0.0692306163320946,0.0692306163320946
121.627,0.013846482738559152,0.013846482738559152
121.628,0.05260113382716636,-0.05260113382716636
121.629,0.11332936740870103,-0.11332936740870103
121.63,0.15273950627950106,-0.15273950627950106
121.631,0.16030231498357472,-0.16030231498357472
121.632,0.13309320537364433,-0.13309320537364433
121.633,0.07637689017513105,-0.07637689017513105
121.634,0.002170397013951275,-0.002170397013951275
121.635,0.07376752244677665,0.07376752244677665
121.636,0.1356993294345954,0.1356993294345954
121.637,0.1714632372927105,0.1714632372927105
121.638,0.17497291179853547,0.17497291179853547
121.639,0.14713625319362134,0.14713625319362134
121.64,0.09509602000731032,0.09509602000731032
121.641,0.030114434911178378,0.030114434911178378
121.642,0.03527217218990597,-0.03527217218990597
121.643,0.09008182465547288,-0.09008182465547288
121.644,0.12702891724602505,-0.12702891724602505
121.645,0.14354850497460137,-0.14354850497460137
121.646,0.14159526374250142,-0.14159526374250142
121.647,0.12642737796364956,-0.12642737796364956
121.648,0.10481557683982101,-0.10481557683982101
121.649,0.08320756660602091,-0.08320756660602091
121.65,0.06631771615090909,-0.06631771615090909
121.651,0.056432056405814945,-0.056432056405814945
121.652,0.05348077672567586,-0.05348077672567586
121.653,0.05570726846158036,-0.05570726846158036
121.654,0.0606175395018691,-0.0606175395018691
121.655,0.06586236434876402,-0.06586236434876402
121.656,0.0697861500527387,-0.0697861500527387
121.657,0.0715356383367578,-0.0715356383367578
121.658,0.07079993181419597,-0.07079993181419597
121.659,0.0673888430083196,-0.0673888430083196
121.66,0.06090344565352113,-0.06090344565352113
121.661,0.05069649900173934,-0.05069649900173934
121.662,0.03618299027994487,-0.03618299027994487
121.663,0.017393699529490103,-0.017393699529490103
121.664,0.004468853169952602,0.004468853169952602
121.665,0.02675827061376812,0.02675827061376812
121.666,0.04561473934865856,0.04561473934865856
121.667,0.05675145988304986,0.05675145988304986
121.668,0.05663928746371427,0.05663928746371427
121.669,0.0437488348310453,0.0437488348310453
121.67,0.01942533181374051,0.01942533181374051
121.671,0.01197086111239165,-0.01197086111239165
121.672,0.04382944640744246,-0.04382944640744246
121.673,0.0688509928947455,-0.0688509928947455
121.674,0.08101382633198373,-0.08101382633198373
121.675,0.07737611125246657,-0.07737611125246657
121.676,0.059130959433087216,-0.059130959433087216
121.677,0.03151251389875054,-0.03151251389875054
121.678,0.0024811568809419704,-0.0024811568809419704
121.679,0.019499178146202834,0.019499178146202834
121.68,0.02796137050408065,0.02796137050408065
121.681,0.020443670345150045,0.020443670345150045
121.682,0.0006635033296352733,-0.0006635033296352733
121.683,0.028777097003719998,-0.028777097003719998
121.684,0.05516887439967466,-0.05516887439967466
121.685,0.07182212027113388,-0.07182212027113388
121.686,0.07421176217272585,-0.07421176217272585
121.687,0.06307990755042614,-0.06307990755042614
121.688,0.04453579971531596,-0.04453579971531596
121.689,0.028305064851958384,-0.028305064851958384
121.69,0.024545823603872363,-0.024545823603872363
121.691,0.0401550811383361,-0.0401550811383361
121.692,0.07573855952871811,-0.07573855952871811
121.693,0.12431117607318198,-0.12431117607318198
121.694,0.172340122468565,-0.172340122468565
121.695,0.20305540572352387,-0.20305540572352387
121.696,0.2012323585579966,-0.2012323585579966
121.697,0.1581194942296099,-0.1581194942296099
121.698,0.07502146141145172,-0.07502146141145172
121.699,0.035673257033522976,0.035673257033522976
121.7,0.15256262400066878,0.15256262400066878
121.701,0.25006435984265374,0.25006435984265374
121.702,0.30484136141643625,0.30484136141643625
121.703,0.30210676640049394,0.30210676640049394
121.704,0.24002617167375062,0.24002617167375062
121.705,0.13088037852729384,0.13088037852729384
121.706,0.0014935750064765108,-0.0014935750064765108
121.707,0.12743541134265934,-0.12743541134265934
121.708,0.2189090899300007,-0.2189090899300007
121.709,0.25668013629245034,-0.25668013629245034
121.71,0.23526313264549936,-0.23526313264549936
121.711,0.16426103901545175,-0.16426103901545175
121.712,0.06569972859977447,-0.06569972859977447
121.713,0.03193257506609415,0.03193257506609415
121.714,0.10131646178816434,0.10131646178816434
121.715,0.12351894442939804,0.12351894442939804
121.716,0.09284173603783552,0.09284173603783552
121.717,0.018022819051275007,0.018022819051275007
121.718,0.08045584150812879,-0.08045584150812879
121.719,0.1761192221766268,-0.1761192221766268
121.72,0.24365099652154587,-0.24365099652154587
121.721,0.265456887864877,-0.265456887864877
121.722,0.23589292886347513,-0.23589292886347513
121.723,0.16214019125576073,-0.16214019125576073
121.724,0.061691934835246154,-0.061691934835246154
121.725,0.042638726624168344,0.042638726624168344
121.726,0.1286573494828378,0.1286573494828378
121.727,0.17999908508778795,0.17999908508778795
121.728,0.1892950467193626,0.1892950467193626
121.729,0.15869057637218442,0.15869057637218442
121.73,0.09793806280750905,0.09793806280750905
121.731,0.020960923032350642,0.020960923032350642
121.732,0.05789281552645609,-0.05789281552645609
121.733,0.12679160994947114,-0.12679160994947114
121.734,0.17789438181442685,-0.17789438181442685
121.735,0.20731297307455898,-0.20731297307455898
121.736,0.2140667721968006,-0.2140667721968006
121.737,0.19881767957119856,-0.19881767957119856
121.738,0.16310666858711698,-0.16310666858711698
121.739,0.10944296899024353,-0.10944296899024353
121.74,0.042087192211353264,-0.042087192211353264
121.741,0.03206224561105575,0.03206224561105575
121.742,0.10323628819744113,0.10323628819744113
121.743,0.15978776183107213,0.15978776183107213
121.744,0.19049785297053012,0.19049785297053012
121.745,0.1876816161089392,0.1876816161089392
121.746,0.15009371085742562,0.15009371085742562
121.747,0.08448478144584026,0.08448478144584026
121.748,0.0049441011882978,0.0049441011882978
121.749,0.07017024326645693,-0.07017024326645693
121.75,0.12307240488629734,-0.12307240488629734
121.751,0.14179818602236038,-0.14179818602236038
121.752,0.1241749617477329,-0.1241749617477329
121.753,0.07905726209695874,-0.07905726209695874
121.754,0.024139900059967023,-0.024139900059967023
121.755,0.019255452015897845,0.019255452015897845
121.756,0.03297059117156942,0.03297059117156942
121.757,0.00827144814370473,0.00827144814370473
121.758,0.05052876217590008,-0.05052876217590008
121.759,0.12648416383377148,-0.12648416383377148
121.76,0.19463780674299946,-0.19463780674299946
121.761,0.22964156254565204,-0.22964156254565204
121.762,0.21409299560879413,-0.21409299560879413
121.763,0.1449186733559541,-0.1449186733559541
121.764,0.03559989051004131,-0.03559989051004131
121.765,0.08674471367866365,0.08674471367866365
121.766,0.18879461349968563,0.18879461349968563
121.767,0.24086237181999848,0.24086237181999848
121.768,0.22612886557357403,0.22612886557357403
121.769,0.1463286506642183,0.1463286506642183
121.77,0.02193966116833912,0.02193966116833912
121.771,0.1133960839959931,-0.1133960839959931
121.772,0.22267024357184317,-0.22267024357184317
121.773,0.2765836287947605,-0.2765836287947605
121.774,0.2624654781420944,-0.2624654781420944
121.775,0.18819281734473625,-0.18819281734473625
121.776,0.07977985668660637,-0.07977985668660637
121.777,0.026718614131405527,0.026718614131405527
121.778,0.09653444407618883,0.09653444407618883
121.779,0.1072234385348223,0.1072234385348223
121.78,0.05592780130306707,0.05592780130306707
121.781,0.03947880554648009,-0.03947880554648009
121.782,0.1458056818147082,-0.1458056818147082
121.783,0.22489875970615025,-0.22489875970615025
121.784,0.2457425526668452,-0.2457425526668452
121.785,0.19454154954279756,-0.19454154954279756
121.786,0.07961471299313805,-0.07961471299313805
121.787,0.07046753329478572,0.07046753329478572
121.788,0.2149872465563465,0.2149872465563465
121.789,0.31298396468018574,0.31298396468018574
121.79,0.33536101430511334,0.33536101430511334
121.791,0.273550700917256,0.273550700917256
121.792,0.14216952061998778,0.14216952061998778
121.793,0.025065464060088805,-0.025065464060088805
121.794,0.18486308649302086,-0.18486308649302086
121.795,0.2964466457835119,-0.2964466457835119
121.796,0.3326501354861544,-0.3326501354861544
121.797,0.28687893642973816,-0.28687893642973816
121.798,0.17412105627629348,-0.17412105627629348
121.799,0.026000153416065652,-0.026000153416065652
121.8,0.11842454266059121,0.11842454266059121
121.801,0.2232929354016311,0.2232929354016311
121.802,0.2649779011485407,0.2649779011485407
121.803,0.237165247418758,0.237165247418758
121.804,0.15093727800046097,0.15093727800046097
121.805,0.030314072150501747,0.030314072150501747
121.806,0.0950721329562364,-0.0950721329562364
121.807,0.19788338037771103,-0.19788338037771103
121.808,0.25939264200478407,-0.25939264200478407
121.809,0.2727626870059583,-0.2727626870059583
121.81,0.2428775103430164,-0.2428775103430164
121.811,0.18331859242102155,-0.18331859242102155
121.812,0.1117506324048414,-0.1117506324048414
121.813,0.04517659362176396,-0.04517659362176396
121.814,0.003734459163885484,0.003734459163885484
121.815,0.028586537596601458,0.028586537596601458
121.816,0.029406482594451777,0.029406482594451777
121.817,0.011411521159106153,0.011411521159106153
121.818,0.01698374454572882,-0.01698374454572882
121.819,0.046330098004384146,-0.046330098004384146
121.82,0.06806854436180054,-0.06806854436180054
121.821,0.07601878096121428,-0.07601878096121428
121.822,0.06736909746962594,-0.06736909746962594
121.823,0.04313675377389947,-0.04313675377389947
121.824,0.008033596298957613,-0.008033596298957613
121.825,0.030347591802210916,0.030347591802210916
121.826,0.0630421369837797,0.0630421369837797
121.827,0.08175768148171603,0.08175768148171603
121.828,0.08105944487309547,0.08105944487309547
121.829,0.060115755766275036,0.060115755766275036
121.83,0.023396690874332382,0.023396690874332382
121.831,0.020081400738124033,-0.020081400738124033
121.832,0.058968183420682,-0.058968183420682
121.833,0.08275762726474345,-0.08275762726474345
121.834,0.0850341063631479,-0.0850341063631479
121.835,0.06573710519732379,-0.06573710519732379
121.836,0.031596264989794065,-0.031596264989794065
121.837,0.005585401184495575,0.005585401184495575
121.838,0.03242386500222039,0.03242386500222039
121.839,0.03820866170598669,0.03820866170598669
121.84,0.018564568958594707,0.018564568958594707
121.841,0.0227343066871728,-0.0227343066871728
121.842,0.07451159764910598,-0.07451159764910598
121.843,0.12138873055024968,-0.12138873055024968
121.844,0.14849828273610433,-0.14849828273610433
121.845,0.14621965793216374,-0.14621965793216374
121.846,0.11338071833273011,-0.11338071833273011
121.847,0.05783293440210191,-0.05783293440210191
121.848,0.005840734431677985,0.005840734431677985
121.849,0.06076991965665002,0.06076991965665002
121.85,0.09294606941262407,0.09294606941262407
121.851,0.09538220046254686,0.09538220046254686
121.852,0.06991954300710379,0.06991954300710379
121.853,0.026120424773466988,0.026120424773466988
121.854,0.02231341052980107,-0.02231341052980107
121.855,0.06230995613734103,-0.06230995613734103
121.856,0.0857000693976393,-0.0857000693976393
121.857,0.09150886896673693,-0.09150886896673693
121.858,0.08550438832473173,-0.08550438832473173
121.859,0.07723812303531485,-0.07723812303531485
121.86,0.07572351614628337,-0.07572351614628337
121.861,0.08539733157723495,-0.08539733157723495
121.862,0.10391208509320726,-0.10391208509320726
121.863,0.12264453033415912,-0.12264453033415912
121.864,0.12980921008803348,-0.12980921008803348
121.865,0.11509343188112042,-0.11509343188112042
121.866,0.07413282013200706,-0.07413282013200706
121.867,0.011146442067449192,-0.011146442067449192
121.868,0.061342357527840674,0.061342357527840674
121.869,0.12576582965759453,0.12576582965759453
121.87,0.16476343596484821,0.16476343596484821
121.871,0.16670636123395122,0.16670636123395122
121.872,0.12963357184524238,0.12963357184524238
121.873,0.062239605127266895,0.062239605127266895
121.874,0.018469684380612583,-0.018469684380612583
121.875,0.09212319130816593,-0.09212319130816593
121.876,0.1409353406976277,-0.1409353406976277
121.877,0.15474291094611559,-0.15474291094611559
121.878,0.13353977464887645,-0.13353977464887645
121.879,0.08678332259905497,-0.08678332259905497
121.88,0.029835468597636416,-0.029835468597636416
121.881,0.02116127069554996,0.02116127069554996
121.882,0.05420567227612838,0.05420567227612838
121.883,0.06454453428813545,0.06454453428813545
121.884,0.05505426544016401,0.05505426544016401
121.885,0.03397813383633386,0.03397813383633386
121.886,0.011021903130817634,0.011021903130817634
121.887,0.006659272638474212,-0.006659272638474212
121.888,0.017087140229553488,-0.017087140229553488
121.889,0.02377831374622974,-0.02377831374622974
121.89,0.033721735151097665,-0.033721735151097665
121.891,0.05385939274842144,-0.05385939274842144
121.892,0.08746079956238051,-0.08746079956238051
121.893,0.131809150324811,-0.131809150324811
121.894,0.17812606745761905,-0.17812606745761905
121.895,0.21383960105868915,-0.21383960105868915
121.896,0.22644863437831553,-0.22644863437831553
121.897,0.20766174345546573,-0.20766174345546573
121.898,0.15638953999223526,-0.15638953999223526
121.899,0.07957139793011547,-0.07957139793011547
121.9,0.009434017985445742,0.009434017985445742
121.901,0.09434281444237991,0.09434281444237991
121.902,0.1601674560445563,0.1601674560445563
121.903,0.19682339640794133,0.19682339640794133
121.904,0.2010593592658645,0.2010593592658645
121.905,0.17627624328562375,0.17627624328562375
121.906,0.130532638219933,0.130532638219933
121.907,0.07360954273269704,0.07360954273269704
121.908,0.014228757856125984,0.014228757856125984
121.909,0.041667430983660436,-0.041667430983660436
121.91,0.09116690372455771,-0.09116690372455771
121.911,0.1333657686750802,-0.1333657686750802
121.912,0.1677482720873983,-0.1677482720873983
121.913,0.1928185362271767,-0.1928185362271767
121.914,0.2056574818831205,-0.2056574818831205
121.915,0.20263636292543885,-0.20263636292543885
121.916,0.1809967645065842,-0.1809967645065842
121.917,0.14061549087460723,-0.14061549087460723
121.918,0.08516402377028687,-0.08516402377028687
121.919,0.022084405601310086,-0.022084405601310086
121.92,0.038751137328268515,0.038751137328268515
121.921,0.08732718508102888,0.08732718508102888
121.922,0.11598481032808494,0.11598481032808494
121.923,0.121311618562705,0.121311618562705
121.924,0.10481608296872613,0.10481608296872613
121.925,0.07221256775205775,0.07221256775205775
121.926,0.03162328281469229,0.03162328281469229
121.927,0.008650952447214921,-0.008650952447214921
121.928,0.04205148943335957,-0.04205148943335957
121.929,0.06482384844653533,-0.06482384844653533
121.93,0.07604744526363127,-0.07604744526363127
121.931,0.07686428148178026,-0.07686428148178026
121.932,0.06940662151499355,-0.06940662151499355
121.933,0.05595490900344424,-0.05595490900344424
121.934,0.03865174815084427,-0.03865174815084427
121.935,0.019757211182967582,-0.019757211182967582
121.936,0.002113822285717659,-0.002113822285717659
121.937,0.010654978274755589,0.010654978274755589
121.938,0.01458669073871266,0.01458669073871266
121.939,0.0065203419055106515,0.0065203419055106515
121.94,0.014401859177660237,-0.014401859177660237
121.941,0.04550740548185783,-0.04550740548185783
121.942,0.08032498519198628,-0.08032498519198628
121.943,0.10970027216370348,-0.10970027216370348
121.944,0.12422497294573487,-0.12422497294573487
121.945,0.11734968845773353,-0.11734968845773353
121.946,0.0881531516744255,-0.0881531516744255
121.947,0.04268478418620614,-0.04268478418620614
121.948,0.006849661634670046,0.006849661634670046
121.949,0.045114076922966095,0.045114076922966095
121.95,0.05815330425589149,0.05815330425589149
121.951,0.03805391389230728,0.03805391389230728
121.952,0.01378225985192516,-0.01378225985192516
121.953,0.08597329062902381,-0.08597329062902381
121.954,0.1595614803268932,-0.1595614803268932
121.955,0.21297352902344757,-0.21297352902344757
121.956,0.22815803492407527,-0.22815803492407527
121.957,0.19606483941278197,-0.19606483941278197
121.958,0.11975404797194666,-0.11975404797194666
121.959,0.014105962835911479,-0.014105962835911479
121.96,0.09786430028585524,0.09786430028585524
121.961,0.19103537211063193,0.19103537211063193
121.962,0.2447782661047877,0.2447782661047877
121.963,0.24819430205141413,0.24819430205141413
121.964,0.20251469880790696,0.20251469880790696
121.965,0.12009173500263115,0.12009173500263115
121.966,0.02046755599257044,0.02046755599257044
121.967,0.07513707303919537,-0.07513707303919537
121.968,0.14918719378191103,-0.14918719378191103
121.969,0.19151503557216487,-0.19151503557216487
121.97,0.20045274483654296,-0.20045274483654296
121.971,0.18144701858948875,-0.18144701858948875
121.972,0.14398888765984752,-0.14398888765984752
121.973,0.09813219570703091,-0.09813219570703091
121.974,0.05182659995065664,-0.05182659995065664
121.975,0.009811504693983175,-0.009811504693983175
121.976,0.02588400630975629,0.02588400630975629
121.977,0.054433865259067016,0.054433865259067016
121.978,0.07464228276158624,0.07464228276158624
121.979,0.08417434180954597,0.08417434180954597
121.98,0.08001937641747459,0.08001937641747459
121.981,0.060003925799425595,0.060003925799425595
121.982,0.024642484631596684,0.024642484631596684
121.983,0.021609494190832357,-0.021609494190832357
121.984,0.07045711499747431,-0.07045711499747431
121.985,0.11146115227284525,-0.11146115227284525
121.986,0.13491017390349302,-0.13491017390349302
121.987,0.134920455743458,-0.134920455743458
121.988,0.1116247961313458,-0.1116247961313458
121.989,0.07155691372409412,-0.07155691372409412
121.99,0.02594479301200503,-0.02594479301200503
121.991,0.01262214756254676,0.01262214756254676
121.992,0.03407026976544936,0.03407026976544936
121.993,0.03393716212276998,0.03393716212276998
121.994,0.014592797500465382,0.014592797500465382
121.995,0.01586479124780149,-0.01586479124780149
121.996,0.04666566522661353,-0.04666566522661353
121.997,0.06829232840670185,-0.06829232840670185
121.998,0.07585718449401746,-0.07585718449401746
121.999,0.07069584713746324,-0.07069584713746324
122.0,0.05957299974581243,-0.05957299974581243
122.001,0.05176619837603946,-0.05176619837603946
122.002,0.05508454123672446,-0.05508454123672446
122.003,0.07230309346464814,-0.07230309346464814
122.004,0.09938747705844242,-0.09938747705844242
122.005,0.12627204650846935,-0.12627204650846935
122.006,0.14004813624381895,-0.14004813624381895
122.007,0.129535041872906,-0.129535041872906
122.008,0.08966249803103499,-0.08966249803103499
122.009,0.0240908654649179,-0.0240908654649179
122.01,0.054952974796826926,0.054952974796826926
122.011,0.12972199927355188,0.12972199927355188
122.012,0.1819942140152322,0.1819942140152322
122.013,0.1985323325825774,0.1985323325825774
122.014,0.17519704593635388,0.17519704593635388
122.015,0.11836482843571772,0.11836482843571772
122.016,0.04316465060911834,0.04316465060911834
122.017,0.03092715752166697,-0.03092715752166697
122.018,0.08575106200297578,-0.08575106200297578
122.019,0.10962017501768473,-0.10962017501768473
122.02,0.10039452553289796,-0.10039452553289796
122.021,0.0655967744875362,-0.0655967744875362
122.022,0.019649293503382625,-0.019649293503382625
122.023,0.02079092603401156,0.02079092603401156
122.024,0.04187655981839322,0.04187655981839322
122.025,0.036436217375390045,0.036436217375390045
122.026,0.005568975508590368,0.005568975508590368
122.027,0.04234367452298893,-0.04234367452298893
122.028,0.09469129325413717,-0.09469129325413717
122.029,0.13863562184807232,-0.13863562184807232
122.03,0.16474779283770802,-0.16474779283770802
122.031,0.16921426286466312,-0.16921426286466312
122.032,0.15410898910459025,-0.15410898910459025
122.033,0.12589930402773364,-0.12589930402773364
122.034,0.09289510622366126,-0.09289510622366126
122.035,0.06259666323974877,-0.06259666323974877
122.036,0.03979396579545347,-0.03979396579545347
122.037,0.02589378136518905,-0.02589378136518905
122.038,0.01946128712106887,-0.01946128712106887
122.039,0.017546475652480797,-0.017546475652480797
122.04,0.0171613414908538,-0.0171613414908538
122.041,0.016330600869476575,-0.016330600869476575
122.042,0.014404064307370734,-0.014404064307370734
122.043,0.01166819998005697,-0.01166819998005697
122.044,0.00858393246802125,-0.00858393246802125
122.045,0.005099806712848598,-0.005099806712848598
122.046,0.0004110053380856904,-0.0004110053380856904
122.047,0.006696959347156861,0.006696959347156861
122.048,0.017061522723648137,0.017061522723648137
122.049,0.030267729284705336,0.030267729284705336
122.05,0.044100802060274,0.044100802060274
122.051,0.05463488655424831,0.05463488655424831
122.052,0.05703458837184039,0.05703458837184039
122.053,0.046882214493205954,0.046882214493205954
122.054,0.02164591570904917,0.02164591570904917
122.055,0.01816025689980505,-0.01816025689980505
122.056,0.06848954466066226,-0.06848954466066226
122.057,0.12212109795023252,-0.12212109795023252
122.058,0.16980610892328307,-0.16980610892328307
122.059,0.20195107818224822,-0.20195107818224822
122.06,0.21048253362852387,-0.21048253362852387
122.061,0.19052992649568656,-0.19052992649568656
122.062,0.14162928934785612,-0.14162928934785612
122.063,0.06824899861210176,-0.06824899861210176
122.064,0.020463470407488193,0.020463470407488193
122.065,0.1117305568858078,0.1117305568858078
122.066,0.19092370947997517,0.19092370947997517
122.067,0.24390536147387976,0.24390536147387976
122.068,0.2596364340712036,0.2596364340712036
122.069,0.2326121877337557,0.2326121877337557
122.07,0.16459001806620033,0.16459001806620033
122.071,0.06508002796269907,0.06508002796269907
122.072,0.04976546807737536,-0.04976546807737536
122.073,0.1598983036687609,-0.1598983036687609
122.074,0.2453578682110027,-0.2453578682110027
122.075,0.29067290748856645,-0.29067290748856645
122.076,0.2886020586372794,-0.2886020586372794
122.077,0.2421525772714722,-0.2421525772714722
122.078,0.16416260579031794,-0.16416260579031794
122.079,0.07434617911774022,-0.07434617911774022
122.08,0.005578106337386535,0.005578106337386535
122.081,0.057443119250173424,0.057443119250173424
122.082,0.07135089557646168,0.07135089557646168
122.083,0.04818106320533988,0.04818106320533988
122.084,0.00089687379893022,-0.00089687379893022
122.085,0.05783337571187763,-0.05783337571187763
122.086,0.103076818537575,-0.103076818537575
122.087,0.12134643272832979,-0.12134643272832979
122.088,0.10607813121506082,-0.10607813121506082
122.089,0.06120665733500519,-0.06120665733500519
122.09,0.00024110759410489457,0.00024110759410489457
122.091,0.060281238795166336,0.060281238795166336
122.092,0.10153083786142592,0.10153083786142592
122.093,0.11245317388774545,0.11245317388774545
122.094,0.09067835134281355,0.09067835134281355
122.095,0.04342500191326759,0.04342500191326759
122.096,0.015013664981856745,-0.015013664981856745
122.097,0.067828126563647,-0.067828126563647
122.098,0.10078980298395634,-0.10078980298395634
122.099,0.10627647595570255,-0.10627647595570255
122.1,0.08503777753715347,-0.08503777753715347
122.101,0.0453044497698335,-0.0453044497698335
122.102,0.00027416775059463383,0.00027416775059463383
122.103,0.03871169249846984,0.03871169249846984
122.104,0.060394027492763014,0.060394027492763014
122.105,0.06127546587233912,0.06127546587233912
122.106,0.04304425186126326,0.04304425186126326
122.107,0.011494056401460506,0.011494056401460506
122.108,0.02605767725165986,-0.02605767725165986
122.109,0.06322069366581051,-0.06322069366581051
122.11,0.09595598639287162,-0.09595598639287162
122.111,0.12259838448315585,-0.12259838448315585
122.112,0.14273730448687572,-0.14273730448687572
122.113,0.15570287997294274,-0.15570287997294274
122.114,0.15954946466732522,-0.15954946466732522
122.115,0.1511738628784588,-0.1511738628784588
122.116,0.12765715867658822,-0.12765715867658822
122.117,0.08830436568182165,-0.08830436568182165
122.118,0.03643663756564719,-0.03643663756564719
122.119,0.020042080380753058,0.020042080380753058
122.12,0.06988585637948197,0.06988585637948197
122.121,0.10144170270545105,0.10144170270545105
122.122,0.10643083769957684,0.10643083769957684
122.123,0.08324916138297156,0.08324916138297156
122.124,0.03845161748532333,0.03845161748532333
122.125,0.01440298666101758,-0.01440298666101758
122.126,0.058485661720438564,-0.058485661720438564
122.127,0.07899213594513832,-0.07899213594513832
122.128,0.06830451587060837,-0.06830451587060837
122.129,0.029200537324348463,-0.029200537324348463
122.13,0.025190822140504388,0.025190822140504388
122.131,0.07496511518803084,0.07496511518803084
122.132,0.09962633562851209,0.09962633562851209
122.133,0.08498894808073998,0.08498894808073998
122.134,0.028528480017560698,0.028528480017560698
122.135,0.05871479763316201,-0.05871479763316201
122.136,0.15453445400847177,-0.15453445400847177
122.137,0.2317300724599366,-0.2317300724599366
122.138,0.2662508057680574,-0.2662508057680574
122.139,0.24477975175668443,-0.24477975175668443
122.14,0.16931038167290968,-0.16931038167290968
122.141,0.05715754607146384,-0.05715754607146384
122.142,0.06372700109259721,0.06372700109259721
122.143,0.16276110266503285,0.16276110266503285
122.144,0.21560275331604672,0.21560275331604672
122.145,0.21112518823686632,0.21112518823686632
122.146,0.15432690842204866,0.15432690842204866
122.147,0.06430209598553316,0.06430209598553316
122.148,0.03202442497454416,-0.03202442497454416
122.149,0.10834834792840897,-0.10834834792840897
122.15,0.14690272027941909,-0.14690272027941909
122.151,0.1433398394584836,-0.1433398394584836
122.152,0.1071095018321736,-0.1071095018321736
122.153,0.05736157284861909,-0.05736157284861909
122.154,0.01586364812094565,-0.01586364812094565
122.155,0.00062922570974,0.00062922570974
122.156,0.01400774810313743,-0.01400774810313743
122.157,0.05349634991779584,-0.05349634991779584
122.158,0.10173458559277626,-0.10173458559277626
122.159,0.13876259057410034,-0.13876259057410034
122.16,0.1480231488857856,-0.1480231488857856
122.161,0.12241467582533172,-0.12241467582533172
122.162,0.06706806752655825,-0.06706806752655825
122.163,0.0020994519175567827,0.0020994519175567827
122.164,0.06357251001463449,0.06357251001463449
122.165,0.09743109577648035,0.09743109577648035
122.166,0.09214351424949707,0.09214351424949707
122.167,0.048684903739841356,0.048684903739841356
122.168,0.01941168834698115,-0.01941168834698115
122.169,0.0901320678609957,-0.0901320678609957
122.17,0.13990140001216755,-0.13990140001216755
122.171,0.15114406110498024,-0.15114406110498024
122.172,0.11807304339424485,-0.11807304339424485
122.173,0.04886349155621306,-0.04886349155621306
122.174,0.03649344530108056,0.03649344530108056
122.175,0.1120127276029248,0.1120127276029248
122.176,0.1534426910706319,0.1534426910706319
122.177,0.1455645856852179,0.1455645856852179
122.178,0.0868918044489988,0.0868918044489988
122.179,0.009592833806359002,-0.009592833806359002
122.18,0.1198302712625291,-0.1198302712625291
122.181,0.215175077659717,-0.215175077659717
122.182,0.2700941970481626,-0.2700941970481626
122.183,0.2689149122735893,-0.2689149122735893
122.184,0.20981952868883147,-0.20981952868883147
122.185,0.10512874362543911,-0.10512874362543911
122.186,0.022026814854560817,0.022026814854560817
122.187,0.14359162662011893,0.14359162662011893
122.188,0.23337648429130708,0.23337648429130708
122.189,0.2730029596251269,0.2730029596251269
122.19,0.2556177250791971,0.2556177250791971
122.191,0.18668387117992857,0.18668387117992857
122.192,0.08194548637346633,0.08194548637346633
122.193,0.036671627426786424,-0.036671627426786424
122.194,0.14607283441170504,-0.14607283441170504
122.195,0.22671978743959798,-0.22671978743959798
122.196,0.2661087643753943,-0.2661087643753943
122.197,0.260465319350457,-0.260465319350457
122.198,0.21458130849933899,-0.21458130849933899
122.199,0.14010429538187996,-0.14010429538187996
122.2,0.05282344636621561,-0.05282344636621561
122.201,0.0304330510350308,0.0304330510350308
122.202,0.09473354039662563,0.09473354039662563
122.203,0.129390422500542,0.129390422500542
122.204,0.1294546428813863,0.1294546428813863
122.205,0.09623502731807299,0.09623502731807299
122.206,0.0368393342545934,0.0368393342545934
122.207,0.03716465989066253,-0.03716465989066253
122.208,0.11177490966262893,-0.11177490966262893
122.209,0.17298307750053477,-0.17298307750053477
122.21,0.20924246112695122,-0.20924246112695122
122.211,0.21357178089038642,-0.21357178089038642
122.212,0.18490945219370314,-0.18490945219370314
122.213,0.1284278159245219,-0.1284278159245219
122.214,0.05468488305817065,-0.05468488305817065
122.215,0.022292323467683506,0.022292323467683506
122.216,0.08767646176193677,0.08767646176193677
122.217,0.12876667089810034,0.12876667089810034
122.218,0.13759200422106077,0.13759200422106077
122.219,0.11264053253560236,0.11264053253560236
122.22,0.05931457534395279,0.05931457534395279
122.221,0.01103952392466201,-0.01103952392466201
122.222,0.08338174136429422,-0.08338174136429422
122.223,0.14207931731792633,-0.14207931731792633
122.224,0.17422087344000736,-0.17422087344000736
122.225,0.1724265388062559,-0.1724265388062559
122.226,0.13651335377555895,-0.13651335377555895
122.227,0.07360310784828183,-0.07360310784828183
122.228,0.003401219650355003,0.003401219650355003
122.229,0.07866526817448061,0.07866526817448061
122.23,0.13696413558776976,0.13696413558776976
122.231,0.16708446136318944,0.16708446136318944
122.232,0.16426019980830353,0.16426019980830353
122.233,0.1310294819847555,0.1310294819847555
122.234,0.07628755744165172,0.07628755744165172
122.235,0.012778975183179497,0.012778975183179497
122.236,0.04630303291698956,-0.04630303291698956
122.237,0.09068368803715499,-0.09068368803715499
122.238,0.11540761476527395,-0.11540761476527395
122.239,0.12160413049303787,-0.12160413049303787
122.24,0.11541817367840668,-0.11541817367840668
122.241,0.10545620984948989,-0.10545620984948989
122.242,0.09955804918503752,-0.09955804918503752
122.243,0.10193250720748837,-0.10193250720748837
122.244,0.11160320298053084,-0.11160320298053084
122.245,0.12271260150928054,-0.12271260150928054
122.246,0.12663912236493846,-0.12663912236493846
122.247,0.11527541503080285,-0.11527541503080285
122.248,0.08439303511668905,-0.08439303511668905
122.249,0.03592890007468419,-0.03592890007468419
122.25,0.021679223579569085,0.021679223579569085
122.251,0.07538153132150405,0.07538153132150405
122.252,0.11117576941866925,0.11117576941866925
122.253,0.11846252382586475,0.11846252382586475
122.254,0.09371615211640161,0.09371615211640161
122.255,0.042221550467553826,0.042221550467553826
122.256,0.02282586176819157,-0.02282586176819157
122.257,0.08375176709169685,-0.08375176709169685
122.258,0.12344234745981297,-0.12344234745981297
122.259,0.13050341956352085,-0.13050341956352085
122.26,0.10293604187453198,-0.10293604187453198
122.261,0.04911599497460939,-0.04911599497460939
122.262,0.014343567566466708,0.014343567566466708
122.263,0.06731191686863558,0.06731191686863558
122.264,0.09208880835149791,0.09208880835149791
122.265,0.07880602648607726,0.07880602648607726
122.266,0.02862941253500617,0.02862941253500617
122.267,0.046254068779009394,-0.046254068779009394
122.268,0.12591735249922775,-0.12591735249922775
122.269,0.18830512191409188,-0.18830512191409188
122.27,0.21552922845935063,-0.21552922845935063
122.271,0.19899253444586795,-0.19899253444586795
122.272,0.1418440026158383,-0.1418440026158383
122.273,0.0580773022465948,-0.0580773022465948
122.274,0.03140909770991129,0.03140909770991129
122.275,0.1045838184000285,0.1045838184000285
122.276,0.14417936913454654,0.14417936913454654
122.277,0.14203695337325195,0.14203695337325195
122.278,0.10075511139586957,0.10075511139586957
122.279,0.03234791925006508,0.03234791925006508
122.28,0.0454926255111322,-0.0454926255111322
122.281,0.1142853780054901,-0.1142853780054901
122.282,0.15933185783009185,-0.15933185783009185
122.283,0.17274631214796332,-0.17274631214796332
122.284,0.15431606659019004,-0.15431606659019004
122.285,0.11029301058920638,-0.11029301058920638
122.286,0.05082811828931744,-0.05082811828931744
122.287,0.012937650747379292,0.012937650747379292
122.288,0.07119231054307851,0.07119231054307851
122.289,0.1166413864440039,0.1166413864440039
122.29,0.14455870079255329,0.14455870079255329
122.291,0.1521509187364929,0.1521509187364929
122.292,0.13789922067070992,0.13789922067070992
122.293,0.10143686221169612,0.10143686221169612
122.294,0.04415756639600987,0.04415756639600987
122.295,0.029713341161766493,-0.029713341161766493
122.296,0.1122147476068932,-0.1122147476068932
122.297,0.19163843025838367,-0.19163843025838367
122.298,0.25390434552048635,-0.25390434552048635
122.299,0.2853212125111786,-0.2853212125111786
122.3,0.2761472217095797,-0.2761472217095797
122.301,0.2239150227676101,-0.2239150227676101
122.302,0.135356869012083,-0.135356869012083
122.303,0.026044618955585297,-0.026044618955585297
122.304,0.08251159723832746,0.08251159723832746
122.305,0.16776918556696652,0.16776918556696652
122.306,0.21182714135043024,0.21182714135043024
122.307,0.20626981379764664,0.20626981379764664
122.308,0.15470168241975268,0.15470168241975268
122.309,0.0720894966031218,0.0720894966031218
122.31,0.019064823967790412,-0.019064823967790412
122.311,0.09474987379464783,-0.09474987379464783
122.312,0.1360063180421791,-0.1360063180421791
122.313,0.134149065690221,-0.134149065690221
122.314,0.09312148080100502,-0.09312148080100502
122.315,0.028265909719348503,-0.028265909719348503
122.316,0.038165199556582596,0.038165199556582596
122.317,0.0834779344051777,0.0834779344051777
122.318,0.09112295737709752,0.09112295737709752
122.319,0.05550194868534186,0.05550194868534186
122.32,0.016379883866022626,-0.016379883866022626
122.321,0.10686804313769405,-0.10686804313769405
122.322,0.19262830320179125,-0.19262830320179125
122.323,0.25118181627726155,-0.25118181627726155
122.324,0.267131322994957,-0.267131322994957
122.325,0.2363274306129417,-0.2363274306129417
122.326,0.16684606863649976,-0.16684606863649976
122.327,0.07657573130874118,-0.07657573130874118
122.328,0.01182959480590351,0.01182959480590351
122.329,0.07716289867338899,0.07716289867338899
122.33,0.1052973370102579,0.1052973370102579
122.331,0.09271694610200143,0.09271694610200143
122.332,0.047056630772871255,0.047056630772871255
122.333,0.01538428518813817,-0.01538428518813817
122.334,0.07436696351277894,-0.07436696351277894
122.335,0.11131822578938866,-0.11131822578938866
122.336,0.11428286468418924,-0.11428286468418924
122.337,0.08093545026617044,-0.08093545026617044
122.338,0.018939691236367517,-0.018939691236367517
122.339,0.056323598451640144,0.056323598451640144
122.34,0.12595171439870279,0.12595171439870279
122.341,0.17246604651038755,0.17246604651038755
122.342,0.18420190568065498,0.18420190568065498
122.343,0.1580446007821903,0.1580446007821903
122.344,0.09989264480448323,0.09989264480448323
122.345,0.022838793787096412,0.022838793787096412
122.346,0.056360813242436025,-0.056360813242436025
122.347,0.12155365056943335,-0.12155365056943335
122.348,0.16107889210683923,-0.16107889210683923
122.349,0.17030999228656674,-0.17030999228656674
122.35,0.15227119194468108,-0.15227119194468108
122.351,0.11626475770270073,-0.11626475770270073
122.352,0.07495994862999122,-0.07495994862999122
122.353,0.040776016906758916,-0.040776016906758916
122.354,0.02254638304404122,-0.02254638304404122
122.355,0.02334431958276162,-0.02334431958276162
122.356,0.04001378036873593,-0.04001378036873593
122.357,0.06447338776009226,-0.06447338776009226
122.358,0.08637459188066154,-0.08637459188066154
122.359,0.09632811631579496,-0.09632811631579496
122.36,0.08876644581973425,-0.08876644581973425
122.361,0.06362558241574745,-0.06362558241574745
122.362,0.02637555339931741,-0.02637555339931741
122.363,0.01359069451280992,0.01359069451280992
122.364,0.045723445466530954,0.045723445466530954
122.365,0.06141587907969748,0.06141587907969748
122.366,0.05652229687774146,0.05652229687774146
122.367,0.032557544900195134,0.032557544900195134
122.368,0.003762643901230489,-0.003762643901230489
122.369,0.04248295276029923,-0.04248295276029923
122.37,0.07326685575554548,-0.07326685575554548
122.371,0.08828803502426019,-0.08828803502426019
122.372,0.08429871859623239,-0.08429871859623239
122.373,0.06329014819679413,-0.06329014819679413
122.374,0.03160772554527602,-0.03160772554527602
122.375,0.002136886564967133,0.002136886564967133
122.376,0.029655932915235494,0.029655932915235494
122.377,0.04525330635553004,0.04525330635553004
122.378,0.04709130958451935,0.04709130958451935
122.379,0.03713978781363081,0.03713978781363081
122.38,0.019942749436910656,0.019942749436910656
122.381,0.000724521071558959,0.000724521071558959
122.382,0.016450986831393566,-0.016450986831393566
122.383,0.029819598430959382,-0.029819598430959382
122.384,0.03999950379834638,-0.03999950379834638
122.385,0.049073505238021564,-0.049073505238021564
122.386,0.05910650709195309,-0.05910650709195309
122.387,0.07074234390626266,-0.07074234390626266
122.388,0.08248515703501935,-0.08248515703501935
122.389,0.09099815824701785,-0.09099815824701785
122.39,0.09234698526840746,-0.09234698526840746
122.391,0.08372716166723315,-0.08372716166723315
122.392,0.0649930109500787,-0.0649930109500787
122.393,0.03933830092616142,-0.03933830092616142
122.394,0.012763976233313712,-0.012763976233313712
122.395,0.007591337646168261,0.007591337646168261
122.396,0.01574483317309694,0.01574483317309694
122.397,0.009002025751897902,0.009002025751897902
122.398,0.010854408810150429,-0.010854408810150429
122.399,0.037813564751543516,-0.037813564751543516
122.4,0.06333405531444924,-0.06333405531444924
122.401,0.0789900536799154,-0.0789900536799154
122.402,0.07920755253945055,-0.07920755253945055
122.403,0.06316308830673589,-0.06316308830673589
122.404,0.0351707699722148,-0.0351707699722148
122.405,0.003381580485785185,-0.003381580485785185
122.406,0.022806480348562364,0.022806480348562364
122.407,0.03577764930509786,0.03577764930509786
122.408,0.0321508644929871,0.0321508644929871
122.409,0.013822177031965088,0.013822177031965088
122.41,0.012761176703462107,-0.012761176703462107
122.411,0.038847632410445976,-0.038847632410445976
122.412,0.0563754657247848,-0.0563754657247848
122.413,0.060679417484446385,-0.060679417484446385
122.414,0.051973372421212916,-0.051973372421212916
122.415,0.03509988127084407,-0.03509988127084407
122.416,0.017645910518490626,-0.017645910518490626
122.417,0.007101151343349099,-0.007101151343349099
122.418,0.0080764512506597,-0.0080764512506597
122.419,0.020582744720898494,-0.020582744720898494
122.42,0.03999822844341394,-0.03999822844341394
122.421,0.05875228841012492,-0.05875228841012492
122.422,0.0691390851105762,-0.0691390851105762
122.423,0.06625969852913838,-0.06625969852913838
122.424,0.05002799108250111,-0.05002799108250111
122.425,0.025488203395782505,-0.025488203395782505
122.426,0.0012756529734474498,-0.0012756529734474498
122.427,0.013296202701006177,0.013296202701006177
122.428,0.011545972625461864,0.011545972625461864
122.429,0.00800576961036481,-0.00800576961036481
122.43,0.04071549138420394,-0.04071549138420394
122.431,0.07691080134199557,-0.07691080134199557
122.432,0.10469481329921371,-0.10469481329921371
122.433,0.11358453979333816,-0.11358453979333816
122.434,0.09782778622340493,-0.09782778622340493
122.435,0.058346718513592744,-0.058346718513592744
122.436,0.002702651504685405,-0.002702651504685405
122.437,0.056889471746773834,0.056889471746773834
122.438,0.1068610648361612,0.1068610648361612
122.439,0.1358859393570686,0.1358859393570686
122.44,0.13771159434774338,0.13771159434774338
122.441,0.11245910897507772,0.11245910897507772
122.442,0.06613984525641614,0.06613984525641614
122.443,0.008690020743692628,0.008690020743692628
122.444,0.04876781742039871,-0.04876781742039871
122.445,0.09658423498085789,-0.09658423498085789
122.446,0.12845251888174536,-0.12845251888174536
122.447,0.14212409006873217,-0.14212409006873217
122.448,0.1390142126663858,-0.1390142126663858
122.449,0.12306530147268491,-0.12306530147268491
122.45,0.09937230531272911,-0.09937230531272911
122.451,0.07300796167833723,-0.07300796167833723
122.452,0.04827720878225017,-0.04827720878225017
122.453,0.028389614693462795,-0.028389614693462795
122.454,0.015374899526733432,-0.015374899526733432
122.455,0.01004115642700576,-0.01004115642700576
122.456,0.011879588198324798,-0.011879588198324798
122.457,0.01898226154054561,-0.01898226154054561
122.458,0.0281617139615834,-0.0281617139615834
122.459,0.03546379615358253,-0.03546379615358253
122.46,0.037126673462563486,-0.037126673462563486
122.461,0.03081002071913541,-0.03081002071913541
122.462,0.016703104387222556,-0.016703104387222556
122.463,0.0019677595694116423,0.0019677595694116423
122.464,0.01940135682443267,0.01940135682443267
122.465,0.028721083360468747,0.028721083360468747
122.466,0.02418180725767094,0.02418180725767094
122.467,0.0034104169297330955,0.0034104169297330955
122.468,0.031132760417400207,-0.031132760417400207
122.469,0.07213120548626784,-0.07213120548626784
122.47,0.10905960574402096,-0.10905960574402096
122.471,0.13115813600417048,-0.13115813600417048
122.472,0.1308687628539701,-0.1308687628539701
122.473,0.10660169714848033,-0.10660169714848033
122.474,0.0638135043263095,-0.0638135043263095
122.475,0.013867883634279377,-0.013867883634279377
122.476,0.029128081679395068,0.029128081679395068
122.477,0.05260617058716166,0.05260617058716166
122.478,0.04958304418534487,0.04958304418534487
122.479,0.02110922958046979,0.02110922958046979
122.48,0.02377320119894233,-0.02377320119894233
122.481,0.07065716276604028,-0.07065716276604028
122.482,0.10420301463932957,-0.10420301463932957
122.483,0.1129606053622153,-0.1129606053622153
122.484,0.09299313674966336,-0.09299313674966336
122.485,0.04908725301613204,-0.04908725301613204
122.486,0.0068640477263253175,0.0068640477263253175
122.487,0.05975728596716401,0.05975728596716401
122.488,0.09611887879060488,0.09611887879060488
122.489,0.10822783234773259,0.10822783234773259
122.49,0.09611407620574264,0.09611407620574264
122.491,0.06678386648657209,0.06678386648657209
122.492,0.031020744315625848,0.031020744315625848
122.493,0.001009346441386616,-0.001009346441386616
122.494,0.02367864833882738,-0.02367864833882738
122.495,0.03784058699479842,-0.03784058699479842
122.496,0.05001932727042191,-0.05001932727042191
122.497,0.06910446542797433,-0.06910446542797433
122.498,0.10177808509013431,-0.10177808509013431
122.499,0.14844487507306348,-0.14844487507306348
122.5,0.2013394084855208,-0.2013394084855208
122.501,0.24575991954069942,-0.24575991954069942
122.502,0.2642659517045832,-0.2642659517045832
122.503,0.24256753397938302,-0.24256753397938302
122.504,0.17512767642762628,-0.17512767642762628
122.505,0.06846754809436384,-0.06846754809436384
122.506,0.059157976395580514,0.059157976395580514
122.507,0.1818719158311819,0.1818719158311819
122.508,0.27295581114894274,0.27295581114894274
122.509,0.3122455303616787,0.3122455303616787
122.51,0.29182357476854603,0.29182357476854603
122.511,0.21819833982939962,0.21819833982939962
122.512,0.11027976282914054,0.11027976282914054
122.513,0.00618675337613106,-0.00618675337613106
122.514,0.1059387231928115,-0.1059387231928115
122.515,0.17095582954552446,-0.17095582954552446
122.516,0.19460201996730586,-0.19460201996730586
122.517,0.1820220801751472,-0.1820220801751472
122.518,0.1469386460173301,-0.1469386460173301
122.519,0.10616943458764394,-0.10616943458764394
122.52,0.073857152420165,-0.073857152420165
122.521,0.05736078228219044,-0.05736078228219044
122.522,0.05603986274336281,-0.05603986274336281
122.523,0.06305396185580836,-0.06305396185580836
122.524,0.06921083837516795,-0.06921083837516795
122.525,0.06722167920331379,-0.06722167920331379
122.526,0.05469041239828942,-0.05469041239828942
122.527,0.03476265996955985,-0.03476265996955985
122.528,0.01434053554226733,-0.01434053554226733
122.529,0.0007465676976032842,-0.0007465676976032842
122.53,0.001683118478401191,0.001683118478401191
122.531,0.006395035443952923,-0.006395035443952923
122.532,0.019594224950080785,-0.019594224950080785
122.533,0.030238871257834643,-0.030238871257834643
122.534,0.03196757655272697,-0.03196757655272697
122.535,0.02295141955700264,-0.02295141955700264
122.536,0.007275996257725237,-0.007275996257725237
122.537,0.006266561701969264,0.006266561701969264
122.538,0.007685571831851812,0.007685571831851812
122.539,0.009677539867317675,-0.009677539867317675
122.54,0.04540780299239899,-0.04540780299239899
122.541,0.09072115237399558,-0.09072115237399558
122.542,0.1304456267757821,-0.1304456267757821
122.543,0.14789246188965965,-0.14789246188965965
122.544,0.13106386282794225,-0.13106386282794225
122.545,0.07797708005936654,-0.07797708005936654
122.546,0.0009988633237669742,0.0009988633237669742
122.547,0.08498866719539522,0.08498866719539522
122.548,0.1484163058575516,0.1484163058575516
122.549,0.1691077195627413,0.1691077195627413
122.55,0.13608085920206947,0.13608085920206947
122.551,0.05432539423649385,0.05432539423649385
122.552,0.05527863852056014,-0.05527863852056014
122.553,0.16122278101937448,-0.16122278101937448
122.554,0.2304162443004485,-0.2304162443004485
122.555,0.2382992886062668,-0.2382992886062668
122.556,0.1768434490594334,-0.1768434490594334
122.557,0.05783113223557701,-0.05783113223557701
122.558,0.08975203468766324,0.08975203468766324
122.559,0.22753405294288465,0.22753405294288465
122.56,0.3184600760388838,0.3184600760388838
122.561,0.33715535911307093,0.33715535911307093
122.562,0.2768480379147422,0.2768480379147422
122.563,0.15086043773260704,0.15086043773260704
122.564,0.011608744716478214,-0.011608744716478214
122.565,0.17393805232982584,-0.17393805232982584
122.566,0.30207725365979776,-0.30207725365979776
122.567,0.3730676153542968,-0.3730676153542968
122.568,0.37972173397861675,-0.37972173397861675
122.569,0.33044994718944487,-0.33044994718944487
122.57,0.24479869396801945,-0.24479869396801945
122.571,0.14653797627588638,-0.14653797627588638
122.572,0.056702766617550915,-0.056702766617550915
122.573,0.011277916588550152,0.011277916588550152
122.574,0.05318034523614146,0.05318034523614146
122.575,0.0723758917999282,0.0723758917999282
122.576,0.07615782594175524,0.07615782594175524
122.577,0.07170790232306645,0.07170790232306645
122.578,0.06328330095411272,0.06328330095411272
122.579,0.05151032183911708,0.05151032183911708
122.58,0.03471408477847149,0.03471408477847149
122.581,0.011378568332416572,0.011378568332416572
122.582,0.01756777963533407,-0.01756777963533407
122.583,0.04778120185670698,-0.04778120185670698
122.584,0.07235640664325971,-0.07235640664325971
122.585,0.08419332237607546,-0.08419332237607546
122.586,0.07889208221226285,-0.07889208221226285
122.587,0.056936271694656426,-0.056936271694656426
122.588,0.024183766216796854,-0.024183766216796854
122.589,0.009651502010313173,0.009651502010313173
122.59,0.03404368499937349,0.03404368499937349
122.591,0.04112610779227688,0.04112610779227688
122.592,0.028303114133461538,0.028303114133461538
122.593,0.0009681044812039907,-0.0009681044812039907
122.594,0.03850244912653922,-0.03850244912653922
122.595,0.07429507597020513,-0.07429507597020513
122.596,0.09989589959751854,-0.09989589959751854
122.597,0.11097854141521513,-0.11097854141521513
122.598,0.10817412238226998,-0.10817412238226998
122.599,0.09594347922929303,-0.09594347922929303
122.6,0.08004689439764967,-0.08004689439764967
122.601,0.0647265459800399,-0.0647265459800399
122.602,0.05082108169834543,-0.05082108169834543
122.603,0.03563889900807382,-0.03563889900807382
122.604,0.014678702717282888,-0.014678702717282888
122.605,0.01550586508665397,0.01550586508665397
122.606,0.05452788971141054,0.05452788971141054
122.607,0.09674749486021139,0.09674749486021139
122.608,0.1320058444533847,0.1320058444533847
122.609,0.14848120794080466,0.14848120794080466
122.61,0.13677204174085733,0.13677204174085733
122.611,0.09374926688611951,0.09374926688611951
122.612,0.02468997765649772,0.02468997765649772
122.613,0.05725764238509057,-0.05725764238509057
122.614,0.13430477015970366,-0.13430477015970366
122.615,0.18899828998178814,-0.18899828998178814
122.616,0.20932810981102545,-0.20932810981102545
122.617,0.19225123320930626,-0.19225123320930626
122.618,0.14443495722770505,-0.14443495722770505
122.619,0.07997541935112618,-0.07997541935112618
122.62,0.015895298641476985,-0.015895298641476985
122.621,0.0330162916616934,0.0330162916616934
122.622,0.05826588283865708,0.05826588283865708
122.623,0.059306546554288575,0.059306546554288575
122.624,0.04237524161438322,0.04237524161438322
122.625,0.017150825115899382,0.017150825115899382
122.626,0.007359806258049106,-0.007359806258049106
122.627,0.026079001520908474,-0.026079001520908474
122.628,0.03904040366735295,-0.03904040366735295
122.629,0.05015439304591851,-0.05015439304591851
122.63,0.06421608936360057,-0.06421608936360057
122.631,0.08354429415413789,-0.08354429415413789
122.632,0.10580482598695307,-0.10580482598695307
122.633,0.12409692445990783,-0.12409692445990783
122.634,0.12944217982165163,-0.12944217982165163
122.635,0.1147760748028206,-0.1147760748028206
122.636,0.07881911282269372,-0.07881911282269372
122.637,0.02810537680381564,-0.02810537680381564
122.638,0.023953668182841392,0.023953668182841392
122.639,0.060989323851487365,0.060989323851487365
122.64,0.06939606846761182,0.06939606846761182
122.641,0.04383009685696737,0.04383009685696737
122.642,0.009659587757034349,-0.009659587757034349
122.643,0.07432387875212387,-0.07432387875212387
122.644,0.12738916419647772,-0.12738916419647772
122.645,0.14741472949319812,-0.14741472949319812
122.646,0.1219390343507728,-0.1219390343507728
122.647,0.05272323550553637,-0.05272323550553637
122.648,0.04344815580597583,0.04344815580597583
122.649,0.1390279822083944,0.1390279822083944
122.65,0.20392181459661196,0.20392181459661196
122.651,0.2151189063008705,0.2151189063008705
122.652,0.1645776842208151,0.1645776842208151
122.653,0.06264488769340093,0.06264488769340093
122.654,0.06432236579127648,-0.06432236579127648
122.655,0.18156932857928676,-0.18156932857928676
122.656,0.25646760275324354,-0.25646760275324354
122.657,0.2686018260621794,-0.2686018260621794
122.658,0.21614618057774315,-0.21614618057774315
122.659,0.11642756819177957,-0.11642756819177957
122.66,0.00045601011348006537,-0.00045601011348006537
122.661,0.09682640585874669,0.09682640585874669
122.662,0.14742946215762087,0.14742946215762087
122.663,0.1388277255518071,0.1388277255518071
122.664,0.07740123543905586,0.07740123543905586
122.665,0.014211375010341643,-0.014211375010341643
122.666,0.10486394550176048,-0.10486394550176048
122.667,0.16513256670738208,-0.16513256670738208
122.668,0.1766534676815531,-0.1766534676815531
122.669,0.13758013964446947,-0.13758013964446947
122.67,0.0625263603578704,-0.0625263603578704
122.671,0.022785196525578533,0.022785196525578533
122.672,0.09022934508974423,0.09022934508974423
122.673,0.11838144077641699,0.11838144077641699
122.674,0.09905464473510239,0.09905464473510239
122.675,0.03928155464040328,0.03928155464040328
122.676,0.04166516319452007,-0.04166516319452007
122.677,0.11897787309607477,-0.11897787309607477
122.678,0.1703628310938612,-0.1703628310938612
122.679,0.18275564727326188,-0.18275564727326188
122.68,0.15563455638648016,-0.15563455638648016
122.681,0.10011816397994366,-0.10011816397994366
122.682,0.034475388697400744,-0.034475388697400744
122.683,0.02219532571967231,0.02219532571967231
122.684,0.055902925392750324,0.055902925392750324
122.685,0.061423358127755234,0.061423358127755234
122.686,0.04272058592550643,0.04272058592550643
122.687,0.010344285541837417,0.010344285541837417
122.688,0.022983682968896857,-0.022983682968896857
122.689,0.04689430876746892,-0.04689430876746892
122.69,0.05645492271873642,-0.05645492271873642
122.691,0.0529307372304656,-0.0529307372304656
122.692,0.042256667719885344,-0.042256667719885344
122.693,0.032056984477438544,-0.032056984477438544
122.694,0.028469742685715227,-0.028469742685715227
122.695,0.03395250274624351,-0.03395250274624351
122.696,0.04674491245597956,-0.04674491245597956
122.697,0.06196991313135325,-0.06196991313135325
122.698,0.07374761476808467,-0.07374761476808467
122.699,0.07739525048350471,-0.07739525048350471
122.7,0.07087657305076711,-0.07087657305076711
122.701,0.05506932833780909,-0.05506932833780909
122.702,0.03294756541956512,-0.03294756541956512
122.703,0.008201492439301128,-0.008201492439301128
122.704,0.016024028814893843,0.016024028814893843
122.705,0.03774317894136581,0.03774317894136581
122.706,0.05593803226347416,0.05593803226347416
122.707,0.06981933612718993,0.06981933612718993
122.708,0.0780633705650795,0.0780633705650795
122.709,0.07855246611516353,0.07855246611516353
122.71,0.0688878247038418,0.0688878247038418
122.711,0.04754037790889232,0.04754037790889232
122.712,0.015142192391362386,0.015142192391362386
122.713,0.02473258628802677,-0.02473258628802677
122.714,0.06580927400254455,-0.06580927400254455
122.715,0.10049934181180187,-0.10049934181180187
122.716,0.1220682117041949,-0.1220682117041949
122.717,0.12683911385979774,-0.12683911385979774
122.718,0.11558262972422106,-0.11558262972422106
122.719,0.09347646839413315,-0.09347646839413315
122.72,0.06852318106374555,-0.06852318106374555
122.721,0.04889954475482583,-0.04889954475482583
122.722,0.04015152698506175,-0.04015152698506175
122.723,0.043260925677576445,-0.043260925677576445
122.724,0.054332869619609925,-0.054332869619609925
122.725,0.06607634344850177,-0.06607634344850177
122.726,0.07058256458235912,-0.07058256458235912
122.727,0.06240134106778461,-0.06240134106778461
122.728,0.04077263177445667,-0.04077263177445667
122.729,0.010155869833083586,-0.010155869833083586
122.73,0.02118269314798038,0.02118269314798038
122.731,0.044040200800959495,0.044040200800959495
122.732,0.05156247311165907,0.05156247311165907
122.733,0.04172578742892874,0.04172578742892874
122.734,0.018077752471439723,0.018077752471439723
122.735,0.011559075510430339,-0.011559075510430339
122.736,0.03795270115017324,-0.03795270115017324
122.737,0.05382851332400207,-0.05382851332400207
122.738,0.05646587095245503,-0.05646587095245503
122.739,0.048529905607212154,-0.048529905607212154
122.74,0.03680514908328625,-0.03680514908328625
122.741,0.02929821337041949,-0.02929821337041949
122.742,0.03181437123517106,-0.03181437123517106
122.743,0.04534114185085858,-0.04534114185085858
122.744,0.06529519730556177,-0.06529519730556177
122.745,0.0830011561443289,-0.0830011561443289
122.746,0.0889238326982833,-0.0889238326982833
122.747,0.07648631750177826,-0.07648631750177826
122.748,0.04503880221029588,-0.04503880221029588
122.749,0.0008078466765388814,-0.0008078466765388814
122.75,0.04463413844275399,0.04463413844275399
122.751,0.07793898198510041,0.07793898198510041
122.752,0.08839145316434593,0.08839145316434593
122.753,0.07161765409209941,0.07161765409209941
122.754,0.03126937819439979,0.03126937819439979
122.755,0.021943131218593703,-0.021943131218593703
122.756,0.07356990455943602,-0.07356990455943602
122.757,0.10996747668332874,-0.10996747668332874
122.758,0.1225262684849815,-0.1225262684849815
122.759,0.11016202684010268,-0.11016202684010268
122.76,0.07928291010238031,-0.07928291010238031
122.761,0.04133776666384126,-0.04133776666384126
122.762,0.008882482095756039,-0.008882482095756039
122.763,0.008429177058960402,0.008429177058960402
122.764,0.006575605059279788,0.006575605059279788
122.765,0.012200465690617612,-0.012200465690617612
122.766,0.0408731736829806,-0.0408731736829806
122.767,0.07048387544398305,-0.07048387544398305
122.768,0.0931848498463046,-0.0931848498463046
122.769,0.10434717714232788,-0.10434717714232788
122.77,0.10308767342543701,-0.10308767342543701
122.771,0.09127899343736734,-0.09127899343736734
122.772,0.07174365056963061,-0.07174365056963061
122.773,0.04663335345725517,-0.04663335345725517
122.774,0.016837284127034335,-0.016837284127034335
122.775,0.017283737005068023,0.017283737005068023
122.776,0.05424000404277307,0.05424000404277307
122.777,0.08977967281236987,0.08977967281236987
122.778,0.11635998223251254,0.11635998223251254
122.779,0.12443252931928317,0.12443252931928317
122.78,0.10549311956983742,0.10549311956983742
122.781,0.055990227042989504,0.055990227042989504
122.782,0.019409897834460788,-0.019409897834460788
122.783,0.1067545569967202,-0.1067545569967202
122.784,0.1849011903721205,-0.1849011903721205
122.785,0.2306834558671278,-0.2306834558671278
122.786,0.22586594656527859,-0.22586594656527859
122.787,0.16374277680761007,-0.16374277680761007
122.788,0.053053651895597964,-0.053053651895597964
122.789,0.08247036662582174,0.08247036662582174
122.79,0.20931356831432657,0.20931356831432657
122.791,0.2929524561918866,0.2929524561918866
122.792,0.3077280554815003,0.3077280554815003
122.793,0.24478819639062666,0.24478819639062666
122.794,0.11550189164744018,0.11550189164744018
122.795,0.050937933609491504,-0.050937933609491504
122.796,0.21520930875026179,-0.21520930875026179
122.797,0.3386435990020452,-0.3386435990020452
122.798,0.3938616062565311,-0.3938616062565311
122.799,0.3720358076319399,-0.3720358076319399
122.8,0.2846033106106328,-0.2846033106106328
122.801,0.1590144621828845,-0.1590144621828845
122.802,0.029989883896561098,-0.029989883896561098
122.803,0.07085288409043855,0.07085288409043855
122.804,0.12371121449916767,0.12371121449916767
122.805,0.1250146530316758,0.1250146530316758
122.806,0.08642373018875182,0.08642373018875182
122.807,0.029119536036971816,0.029119536036971816
122.808,0.0243792902322707,-0.0243792902322707
122.809,0.05792737297803585,-0.05792737297803585
122.81,0.06637817654936484,-0.06637817654936484
122.811,0.05573731254802905,-0.05573731254802905
122.812,0.03912127088865047,-0.03912127088865047
122.813,0.03030215529476088,-0.03030215529476088
122.814,0.03742888886490581,-0.03742888886490581
122.815,0.05935795341692496,-0.05935795341692496
122.816,0.08597878852314411,-0.08597878852314411
122.817,0.1023763739049901,-0.1023763739049901
122.818,0.09520569553070646,-0.09520569553070646
122.819,0.05879649485088967,-0.05879649485088967
122.82,0.0014268087618061198,0.0014268087618061198
122.821,0.06966048423745907,0.06966048423745907
122.822,0.12450953765289796,0.12450953765289796
122.823,0.14627193904167046,0.14627193904167046
122.824,0.12417592047979586,0.12417592047979586
122.825,0.060960290854003896,0.060960290854003896
122.826,0.026948188400824025,-0.026948188400824025
122.827,0.11391074989801997,-0.11391074989801997
122.828,0.17285202237185748,-0.17285202237185748
122.829,0.18382808277807072,-0.18382808277807072
122.83,0.14057849611276618,-0.14057849611276618
122.831,0.0529037892832106,-0.0529037892832106
122.832,0.05591775253198139,0.05591775253198139
122.833,0.15584049741204264,0.15584049741204264
122.834,0.21874011952175665,0.21874011952175665
122.835,0.22635469468980607,0.22635469468980607
122.836,0.17508484071139074,0.17508484071139074
122.837,0.0763565091903664,0.0763565091903664
122.838,0.04728762922710883,-0.04728762922710883
122.839,0.16888080163890162,-0.16888080163890162
122.84,0.2642739367437693,-0.2642739367437693
122.841,0.317731321117377,-0.317731321117377
122.842,0.3244401995058197,-0.3244401995058197
122.843,0.28965104635561556,-0.28965104635561556
122.844,0.22528966551632945,-0.22528966551632945
122.845,0.14558417679495372,-0.14558417679495372
122.846,0.06332038939535711,-0.06332038939535711
122.847,0.012184208941407926,0.012184208941407926
122.848,0.0751589768133154,0.0751589768133154
122.849,0.1221168116105864,0.1221168116105864
122.85,0.15033302181039088,0.15033302181039088
122.851,0.1571043014688076,0.1571043014688076
122.852,0.14030704052957366,0.14030704052957366
122.853,0.10002686402599958,0.10002686402599958
122.854,0.04038890677207152,0.04038890677207152
122.855,0.029531843028255844,-0.029531843028255844
122.856,0.09657430045170434,-0.09657430045170434
122.857,0.1462902608081057,-0.1462902608081057
122.858,0.16699183079476176,-0.16699183079476176
122.859,0.1537059011808496,-0.1537059011808496
122.86,0.11052005416419752,-0.11052005416419752
122.861,0.05022045890383198,-0.05022045890383198
122.862,0.00898895889681306,0.00898895889681306
122.863,0.04884462757657926,0.04884462757657926
122.864,0.05679121515570529,0.05679121515570529
122.865,0.030216590568595825,0.030216590568595825
122.866,0.022378443119866587,-0.022378443119866587
122.867,0.08382514747124936,-0.08382514747124936
122.868,0.13366923274090026,-0.13366923274090026
122.869,0.15477258108019987,-0.15477258108019987
122.87,0.1389399015674493,-0.1389399015674493
122.871,0.08965128728197103,-0.08965128728197103
122.872,0.02093270662940383,-0.02093270662940383
122.873,0.04729520222202033,0.04729520222202033
122.874,0.0958359991644302,0.0958359991644302
122.875,0.11255779589039094,0.11255779589039094
122.876,0.09628798000736238,0.09628798000736238
122.877,0.056927023304441216,0.056927023304441216
122.878,0.01174750810578451,0.01174750810578451
122.879,0.020835063466368986,-0.020835063466368986
122.88,0.027854239491685084,-0.027854239491685084
122.881,0.006453183857765832,-0.006453183857765832
122.882,0.035011584880762836,0.035011584880762836
122.883,0.0798138174508618,0.0798138174508618
122.884,0.10866770447892593,0.10866770447892593
122.885,0.10649359408962855,0.10649359408962855
122.886,0.0677976415721302,0.0677976415721302
122.887,0.0011933950990820064,-0.0011933950990820064
122.888,0.08437477965233686,-0.08437477965233686
122.889,0.16094065572448335,-0.16094065572448335
122.89,0.21210607508660406,-0.21210607508660406
122.891,0.22706639771113735,-0.22706639771113735
122.892,0.20617152386023063,-0.20617152386023063
122.893,0.16027743318866805,-0.16027743318866805
122.894,0.10657470133837921,-0.10657470133837921
122.895,0.06241456375792387,-0.06241456375792387
122.896,0.03933226145783775,-0.03933226145783775
122.897,0.039370511798721974,-0.039370511798721974
122.898,0.05497056906287101,-0.05497056906287101
122.899,0.07241974618861013,-0.07241974618861013
122.9,0.07757178173100276,-0.07757178173100276
122.901,0.06173677566994906,-0.06173677566994906
122.902,0.025559573252104895,-0.025559573252104895
122.903,0.02059934414483111,0.02059934414483111
122.904,0.060035573118704555,0.060035573118704555
122.905,0.07573803351265918,0.07573803351265918
122.906,0.0570166997844046,0.0570166997844046
122.907,0.004359371632207454,0.004359371632207454
122.908,0.0693186099234695,-0.0693186099234695
122.909,0.14169594287679288,-0.14169594287679288
122.91,0.18756995878571758,-0.18756995878571758
122.911,0.1869001960257105,-0.1869001960257105
122.912,0.13179767886019422,-0.13179767886019422
122.913,0.030129654831006047,-0.030129654831006047
122.914,0.09558165410119335,0.09558165410119335
122.915,0.21383014017682855,0.21383014017682855
122.916,0.2927881151083558,0.2927881151083558
122.917,0.30941405986078996,0.30941405986078996
122.918,0.25627675627362145,0.25627675627362145
122.919,0.14402662641974207,0.14402662641974207
122.92,0.0012582210234423075,-0.0012582210234423075
122.921,0.14509408099091525,-0.14509408099091525
122.922,0.25393367231840025,-0.25393367231840025
122.923,0.3041183856195162,-0.3041183856195162
122.924,0.2878895079848438,-0.2878895079848438
122.925,0.21482099026561685,-0.21482099026561685
122.926,0.10841221394997869,-0.10841221394997869
122.927,0.0010084717706473345,0.0010084717706473345
122.928,0.0848937109265091,0.0848937109265091
122.929,0.12407988543725468,0.12407988543725468
122.93,0.1132738575241794,0.1132738575241794
122.931,0.061329577559072534,0.061329577559072534
122.932,0.01249169614566048,-0.01249169614566048
122.933,0.08492042289094792,-0.08492042289094792
122.934,0.13568336180218943,-0.13568336180218943
122.935,0.1530158192336335,-0.1530158192336335
122.936,0.13617100149035666,-0.13617100149035666
122.937,0.09442324428009341,-0.09442324428009341
122.938,0.04316004933589579,-0.04316004933589579
122.939,0.0014940751243572858,0.0014940751243572858
122.94,0.027728661962440393,0.027728661962440393
122.941,0.03120967673985886,0.03120967673985886
122.942,0.015498118410753214,0.015498118410753214
122.943,0.01018956951006933,-0.01018956951006933
122.944,0.03492966048158419,-0.03492966048158419
122.945,0.05028400834868263,-0.05028400834868263
122.946,0.05326186711771086,-0.05326186711771086
122.947,0.04705313672057709,-0.04705313672057709
122.948,0.039334744479776806,-0.039334744479776806
122.949,0.0388032954868196,-0.0388032954868196
122.95,0.05120931039228338,-0.05120931039228338
122.951,0.07635710353698888,-0.07635710353698888
122.952,0.10722704368301672,-0.10722704368301672
122.953,0.13167184724145398,-0.13167184724145398
122.954,0.13626322545835212,-0.13626322545835212
122.955,0.11110419356898626,-0.11110419356898626
122.956,0.054026904667948794,-0.054026904667948794
122.957,0.027296163860079936,0.027296163860079936
122.958,0.11620890794249061,0.11620890794249061
122.959,0.19087771383248642,0.19087771383248642
122.96,0.23009529092626413,0.23009529092626413
122.961,0.21945519202704378,0.21945519202704378
122.962,0.15606962156480098,0.15606962156480098
122.963,0.05035203536644817,0.05035203536644817
122.964,0.07580880402710433,-0.07580880402710433
122.965,0.1941286669192671,-0.1941286669192671
122.966,0.2769596723906752,-0.2769596723906752
122.967,0.3043872435728604,-0.3043872435728604
122.968,0.26945722174618236,-0.26945722174618236
122.969,0.18010170653244828,-0.18010170653244828
122.97,0.05723944323671726,-0.05723944323671726
122.971,0.07042725554537332,0.07042725554537332
122.972,0.17351282800290524,0.17351282800290524
122.973,0.22906432794817722,0.22906432794817722
122.974,0.2258658046678177,0.2258658046678177
122.975,0.16665330326045202,0.16665330326045202
122.976,0.06683039532761637,0.06683039532761637
122.977,0.04979709621251083,-0.04979709621251083
122.978,0.1570184619330358,-0.1570184619330358
122.979,0.23235303638752525,-0.23235303638752525
122.98,0.2618291467752343,-0.2618291467752343
122.981,0.24239248126155144,-0.24239248126155144
122.982,0.18161799070398754,-0.18161799070398754
122.983,0.09508947410591417,-0.09508947410591417
122.984,0.0023191952890656564,-0.0023191952890656564
122.985,0.07770109049114504,0.07770109049114504
122.986,0.13030689580032706,0.13030689580032706
122.987,0.14762039650319547,0.14762039650319547
122.988,0.12936550627464283,0.12936550627464283
122.989,0.0821281910250935,0.0821281910250935
122.99,0.01742914879935009,0.01742914879935009
122.991,0.05088725157604479,-0.05088725157604479
122.992,0.10942940265513557,-0.10942940265513557
122.993,0.147743641925142,-0.147743641925142
122.994,0.16014429564892863,-0.16014429564892863
122.995,0.14662485723190377,-0.14662485723190377
122.996,0.11269724245905144,-0.11269724245905144
122.997,0.06814510139418495,-0.06814510139418495
122.998,0.02485584802617191,-0.02485584802617191
122.999,0.005900297279990863,0.005900297279990863
123.0,0.01619449538560991,0.01619449538560991
123.001,0.0035255663549014216,0.0035255663549014216
123.002,0.028312075150899174,-0.028312075150899174
123.003,0.06992153600095896,-0.06992153600095896
123.004,0.10851955335998764,-0.10851955335998764
123.005,0.1312076251343598,-0.1312076251343598
123.006,0.12848132859525063,-0.12848132859525063
123.007,0.09701743791588835,-0.09701743791588835
123.008,0.040912109145683884,-0.040912109145683884
123.009,0.029059071266582803,0.029059071266582803
123.01,0.09803075868368061,0.09803075868368061
123.011,0.1508079776246336,0.1508079776246336
123.012,0.17575061773989176,0.17575061773989176
123.013,0.16768040853681798,0.16768040853681798
123.014,0.1289933872207889,0.1289933872207889
123.015,0.06870349595178671,0.06870349595178671
123.016,0.00022870434530730677,-0.00022870434530730677
123.017,0.06441891253806897,-0.06441891253806897
123.018,0.11334760537246269,-0.11334760537246269
123.019,0.14146356347556643,-0.14146356347556643
123.02,0.14859365954972903,-0.14859365954972903
123.021,0.1387410858805067,-0.1387410858805067
123.022,0.11788549932398218,-0.11788549932398218
123.023,0.09168475804121057,-0.09168475804121057
123.024,0.06392370779785783,-0.06392370779785783
123.025,0.036190731457285796,-0.036190731457285796
123.026,0.008732078398097642,-0.008732078398097642
123.027,0.018056474524112298,0.018056474524112298
123.028,0.04230037938697229,0.04230037938697229
123.029,0.06020421362924111,0.06020421362924111
123.03,0.06683762328625686,0.06683762328625686
123.031,0.05794499911350637,0.05794499911350637
123.032,0.032083782767543756,0.032083782767543756
123.033,0.007836972262304509,-0.007836972262304509
123.034,0.054410815546085844,-0.054410815546085844
123.035,0.09729805397172053,-0.09729805397172053
123.036,0.12616401405656696,-0.12616401405656696
123.037,0.1340685363813403,-0.1340685363813403
123.038,0.12009691289226121,-0.12009691289226121
123.039,0.09017127709346018,-0.09017127709346018
123.04,0.055545696787715815,-0.055545696787715815
123.041,0.029289867864150887,-0.029289867864150887
123.042,0.021826352233050517,-0.021826352233050517
123.043,0.03702198236290333,-0.03702198236290333
123.044,0.07026264456727072,-0.07026264456727072
123.045,0.10935204511670327,-0.10935204511670327
123.046,0.13814520597507607,-0.13814520597507607
123.047,0.14186507547470018,-0.14186507547470018
123.048,0.11239366736256573,-0.11239366736256573
123.049,0.0517257105271236,-0.0517257105271236
123.05,0.02771086972816006,0.02771086972816006
123.051,0.10617445445923179,0.10617445445923179
123.052,0.1623328206650465,0.1623328206650465
123.053,0.17984075479411787,0.17984075479411787
123.054,0.1526614070389154,0.1526614070389154
123.055,0.08735271369058162,0.08735271369058162
123.056,0.0014767686926460133,0.0014767686926460133
123.057,0.08146650443495829,-0.08146650443495829
123.058,0.139038759984925,-0.139038759984925
123.059,0.15659764096375017,-0.15659764096375017
123.06,0.13162554378102787,-0.13162554378102787
123.061,0.07427322844866435,-0.07427322844866435
123.062,0.003958079627057298,-0.003958079627057298
123.063,0.0568671451964049,0.0568671451964049
123.064,0.08974953324538015,0.08974953324538015
123.065,0.0858082320463629,0.0858082320463629
123.066,0.04808222166380549,0.04808222166380549
123.067,0.010026739083376035,-0.010026739083376035
123.068,0.06960324577112176,-0.06960324577112176
123.069,0.11267398316986776,-0.11267398316986776
123.07,0.12808768716308028,-0.12808768716308028
123.071,0.11487505262152742,-0.11487505262152742
123.072,0.08202824040212076,-0.08202824040212076
123.073,0.04486438601117104,-0.04486438601117104
123.074,0.019287326690580198,-0.019287326690580198
123.075,0.01595160749125024,-0.01595160749125024
123.076,0.03633768023656858,-0.03633768023656858
123.077,0.07207552496124103,-0.07207552496124103
123.078,0.10774114911947053,-0.10774114911947053
123.079,0.12617605546448019,-0.12617605546448019
123.08,0.1145373687375918,-0.1145373687375918
123.081,0.0690512803048211,-0.0690512803048211
123.082,0.003117637290395381,0.003117637290395381
123.083,0.08551206840358261,0.08551206840358261
123.084,0.1570257366878256,0.1570257366878256
123.085,0.19807042291693033,0.19807042291693033
123.086,0.19633027563324434,0.19633027563324434
123.087,0.15033854117976864,0.15033854117976864
123.088,0.06983882053715273,0.06983882053715273
123.089,0.027078645659013745,-0.027078645659013745
123.09,0.11908728534345825,-0.11908728534345825
123.091,0.1873686087111618,-0.1873686087111618
123.092,0.22028105296320244,-0.22028105296320244
123.093,0.21568293361375224,-0.21568293361375224
123.094,0.1804412800799735,-0.1804412800799735
123.095,0.12754314736566208,-0.12754314736566208
123.096,0.07190584397758781,-0.07190584397758781
123.097,0.026257320683969576,-0.026257320683969576
123.098,0.0017247449082642419,0.0017247449082642419
123.099,0.010365057334108307,0.010365057334108307
123.1,0.0030675808456908094,0.0030675808456908094
123.101,0.013860336833335207,-0.013860336833335207
123.102,0.03370624134637701,-0.03370624134637701
123.103,0.05128956251939798,-0.05128956251939798
123.104,0.06379972223218455,-0.06379972223218455
123.105,0.07048916480337153,-0.07048916480337153
123.106,0.07162052449523981,-0.07162052449523981
123.107,0.06730832237879691,-0.06730832237879691
123.108,0.05686099946650114,-0.05686099946650114
123.109,0.03895327036086271,-0.03895327036086271
123.11,0.012562824229848557,-0.012562824229848557
123.111,0.021751985127584694,0.021751985127584694
123.112,0.060838710357416614,0.060838710357416614
123.113,0.0987464463236416,0.0987464463236416
123.114,0.12759666857371554,0.12759666857371554
123.115,0.13940138262953616,0.13940138262953616
123.116,0.1283336881450834,0.1283336881450834
123.117,0.09274674641340286,0.09274674641340286
123.118,0.03626055104235171,0.03626055104235171
123.119,0.032513216352373364,-0.032513216352373364
123.12,0.10163995693388572,-0.10163995693388572
123.121,0.15853769886425306,-0.15853769886425306
123.122,0.19296369885179632,-0.19296369885179632
123.123,0.19950996351476002,-0.19950996351476002
123.124,0.17893001062378078,-0.17893001062378078
123.125,0.13793358869107386,-0.13793358869107386
123.126,0.08749640662080993,-0.08749640662080993
123.127,0.04012180652976394,-0.04012180652976394
123.128,0.006756400694422071,-0.006756400694422071
123.129,0.005862601520145283,0.005862601520145283
123.13,0.003224768077779494,-0.003224768077779494
123.131,0.029087422429150078,-0.029087422429150078
123.132,0.06224706671990099,-0.06224706671990099
123.133,0.09112860133374612,-0.09112860133374612
123.134,0.10500609403252303,-0.10500609403252303
123.135,0.09672566972500218,-0.09672566972500218
123.136,0.0645512571446466,-0.0645512571446466
123.137,0.012696697510962363,-0.012696697510962363
123.138,0.04957457224339601,0.04957457224339601
123.139,0.11005772195303032,0.11005772195303032
123.14,0.15640949546361393,0.15640949546361393
123.141,0.1789678223300315,0.1789678223300315
123.142,0.17290988284797937,0.17290988284797937
123.143,0.13923798341599603,0.13923798341599603
123.144,0.08437870390610058,0.08437870390610058
123.145,0.01853173442766609,0.01853173442766609
123.146,0.04678060653715299,-0.04678060653715299
123.147,0.1013189030551308,-0.1013189030551308
123.148,0.13822511088854883,-0.13822511088854883
123.149,0.1551151980366119,-0.1551151980366119
123.15,0.15396474189760279,-0.15396474189760279
123.151,0.139930156419929,-0.139930156419929
123.152,0.11953540031313614,-0.11953540031313614
123.153,0.0987985053177809,-0.0987985053177809
123.154,0.08183348188810191,-0.08183348188810191
123.155,0.07026031253470999,-0.07026031253470999
123.156,0.06346233182627581,-0.06346233182627581
123.157,0.05944952472423837,-0.05944952472423837
123.158,0.05591513385567215,-0.05591513385567215
123.159,0.051067374906423546,-0.051067374906423546
123.16,0.04397197844028389,-0.04397197844028389
123.161,0.03438815918868077,-0.03438815918868077
123.162,0.022317753896298642,-0.022317753896298642
123.163,0.00761494197428747,-0.00761494197428747
123.164,0.010034870623782943,0.010034870623782943
123.165,0.030653188844320223,0.030653188844320223
123.166,0.053182728124375966,0.053182728124375966
123.167,0.0747705822654714,0.0747705822654714
123.168,0.09059504951466413,0.09059504951466413
123.169,0.09458174219107263,0.09458174219107263
123.17,0.0810367278532349,0.0810367278532349
123.171,0.046822590071745385,0.046822590071745385
123.172,0.006628436288536488,-0.006628436288536488
123.173,0.0722839154178736,-0.0722839154178736
123.174,0.13809642678582434,-0.13809642678582434
123.175,0.18937402506224033,-0.18937402506224033
123.176,0.21249686039809002,-0.21249686039809002
123.177,0.19899187168648325,-0.19899187168648325
123.178,0.14869633210425215,-0.14869633210425215
123.179,0.07086350183318757,-0.07086350183318757
123.18,0.017404330828812542,0.017404330828812542
123.181,0.09520767487520776,0.09520767487520776
123.182,0.14337422527050303,0.14337422527050303
123.183,0.14987632195257072,0.14987632195257072
123.184,0.11346712479846954,0.11346712479846954
123.185,0.04430880219817501,0.04430880219817501
123.186,0.03875368581391081,-0.03875368581391081
123.187,0.11357142580936641,-0.11357142580936641
123.188,0.16114382419193896,-0.16114382419193896
123.189,0.17115974404152023,-0.17115974404152023
123.19,0.1448682015732431,-0.1448682015732431
123.191,0.09432955554005029,-0.09432955554005029
123.192,0.038248616678617675,-0.038248616678617675
123.193,0.00428809058872659,0.00428809058872659
123.194,0.020132681920135953,0.020132681920135953
123.195,0.006357707691762915,0.006357707691762915
123.196,0.028955929492382126,-0.028955929492382126
123.197,0.06973408513553103,-0.06973408513553103
123.198,0.0977556527333352,-0.0977556527333352
123.199,0.09937028934979875,-0.09937028934979875
123.2,0.07077563552341948,-0.07077563552341948
123.201,0.019963932314739807,-0.019963932314739807
123.202,0.03547474887873481,0.03547474887873481
123.203,0.07411591984583787,0.07411591984583787
123.204,0.07821085037861608,0.07821085037861608
123.205,0.040449757757570426,0.040449757757570426
123.206,0.032376064202042865,-0.032376064202042865
123.207,0.12023475979075149,-0.12023475979075149
123.208,0.1952185986699445,-0.1952185986699445
123.209,0.22990774767639055,-0.22990774767639055
123.21,0.2061825512800166,-0.2061825512800166
123.211,0.12168322565350109,-0.12168322565350109
123.212,0.008238478961138496,0.008238478961138496
123.213,0.15387781890646668,0.15387781890646668
123.214,0.2790076847140146,0.2790076847140146
123.215,0.35093438936553034,0.35093438936553034
123.216,0.3498037390020139,0.3498037390020139
123.217,0.27437054820489903,0.27437054820489903
123.218,0.14249385289083039,0.14249385289083039
123.219,0.01379676496975224,-0.01379676496975224
123.22,0.15719456888740302,-0.15719456888740302
123.221,0.2553371111087631,-0.2553371111087631
123.222,0.289374165468925,-0.289374165468925
123.223,0.25845566546536314,-0.25845566546536314
123.224,0.178982771806248,-0.178982771806248
123.225,0.07904264292524987,-0.07904264292524987
123.226,0.010156702581269217,0.010156702581269217
123.227,0.06323741950328365,0.06323741950328365
123.228,0.06739158635342601,0.06739158635342601
123.229,0.02510046679772482,0.02510046679772482
123.23,0.04769455211375939,-0.04769455211375939
123.231,0.12713659190504267,-0.12713659190504267
123.232,0.1888553977986095,-0.1888553977986095
123.233,0.21496465291943356,-0.21496465291943356
123.234,0.19868570617257886,-0.19868570617257886
123.235,0.14547784200581082,-0.14547784200581082
123.236,0.07065878864049324,-0.07065878864049324
123.237,0.005495643024704622,0.005495643024704622
123.238,0.06356777652765411,0.06356777652765411
123.239,0.09004118609249745,0.09004118609249745
123.24,0.08029492646096847,0.08029492646096847
123.241,0.03899969905257472,0.03899969905257472
123.242,0.021850804000903556,-0.021850804000903556
123.243,0.08644258420972772,-0.08644258420972772
123.244,0.1390830893879157,-0.1390830893879157
123.245,0.1675769226658843,-0.1675769226658843
123.246,0.16537879983414294,-0.16537879983414294
123.247,0.13231256010231962,-0.13231256010231962
123.248,0.07402671193762711,-0.07402671193762711
123.249,0.0005715245190232032,-0.0005715245190232032
123.25,0.07548780877748706,0.07548780877748706
123.251,0.1411041310114396,0.1411041310114396
123.252,0.184735384504793,0.184735384504793
123.253,0.19816267544381683,0.19816267544381683
123.254,0.17799345362505337,0.17799345362505337
123.255,0.12661947988535616,0.12661947988535616
123.256,0.052331083004147017,0.052331083004147017
123.257,0.03167680791273397,-0.03167680791273397
123.258,0.10948679150172402,-0.10948679150172402
123.259,0.16559418998928543,-0.16559418998928543
123.26,0.1884060972936491,-0.1884060972936491
123.261,0.17325559187913508,-0.17325559187913508
123.262,0.12404321290285902,-0.12404321290285902
123.263,0.052863065291198885,-0.052863065291198885
123.264,0.022531328108052362,0.022531328108052362
123.265,0.08294549887711034,0.08294549887711034
123.266,0.11261824488490446,0.11261824488490446
123.267,0.10342945150277782,0.10342945150277782
123.268,0.057208129567640764,0.057208129567640764
123.269,0.01461525194753821,-0.01461525194753821
123.27,0.09402378444466175,-0.09402378444466175
123.271,0.16131540098000796,-0.16131540098000796
123.272,0.20051606494019747,-0.20051606494019747
123.273,0.203733756644491,-0.203733756644491
123.274,0.17316080562748082,-0.17316080562748082
123.275,0.12011610848185206,-0.12011610848185206
123.276,0.06140627851532365,-0.06140627851532365
123.277,0.014103268204897379,-0.014103268204897379
123.278,0.009671918889799791,0.009671918889799791
123.279,0.00636351202799923,0.00636351202799923
123.28,0.018114690352516116,-0.018114690352516116
123.281,0.05045800986000182,-0.05045800986000182
123.282,0.0743821130792407,-0.0743821130792407
123.283,0.07599200701538045,-0.07599200701538045
123.284,0.0484357653458809,-0.0484357653458809
123.285,0.005608827490507284,0.005608827490507284
123.286,0.07439516105895638,0.07439516105895638
123.287,0.1403853060943303,0.1403853060943303
123.288,0.18534623126235528,0.18534623126235528
123.289,0.19571294319816745,0.19571294319816745
123.29,0.16659507139354246,0.16659507139354246
123.291,0.10323120396283048,0.10323120396283048
123.292,0.019484355935351916,0.019484355935351916
123.293,0.066126200009467,-0.066126200009467
123.294,0.13562662573395667,-0.13562662573395667
123.295,0.17644898569811052,-0.17644898569811052
123.296,0.1845196795380084,-0.1845196795380084
123.297,0.16472264623467248,-0.16472264623467248
123.298,0.12870750105085094,-0.12870750105085094
123.299,0.09082206989195518,-0.09082206989195518
123.3,0.063494703190073,-0.063494703190073
123.301,0.053512592359831634,-0.053512592359831634
123.302,0.0603121657076946,-0.0603121657076946
123.303,0.07673113968745471,-0.07673113968745471
123.304,0.09188508010368102,-0.09188508010368102
123.305,0.09517240283140682,-0.09517240283140682
123.306,0.08008271260259503,-0.08008271260259503
123.307,0.046578796789942034,-0.046578796789942034
123.308,0.0013027231101544468,-0.0013027231101544468
123.309,0.044437169948565725,0.044437169948565725
123.31,0.07823441875053572,0.07823441875053572
123.311,0.09055661130639425,0.09055661130639425
123.312,0.0778515672205049,0.0778515672205049
123.313,0.043797984455916206,0.043797984455916206
123.314,0.001702029773734015,-0.001702029773734015
123.315,0.04548370224240483,-0.04548370224240483
123.316,0.07512094577219353,-0.07512094577219353
123.317,0.0827334952171469,-0.0827334952171469
123.318,0.06742433436920237,-0.06742433436920237
123.319,0.03559079402822696,-0.03559079402822696
123.32,0.0009998045493890828,0.0009998045493890828
123.321,0.028801257340332453,0.028801257340332453
123.322,0.036674079352487565,0.036674079352487565
123.323,0.01941338859644759,0.01941338859644759
123.324,0.020439134367498224,-0.020439134367498224
123.325,0.07305116304931669,-0.07305116304931669
123.326,0.12391017137277249,-0.12391017137277249
123.327,0.1578481724892533,-0.1578481724892533
123.328,0.16333454610471587,-0.16333454610471587
123.329,0.13582003167253864,-0.13582003167253864
123.33,0.07919383525452339,-0.07919383525452339
123.331,0.004957014512884439,-0.004957014512884439
123.332,0.07064182937291186,0.07064182937291186
123.333,0.13070349569534834,0.13070349569534834
123.334,0.16188347403071557,0.16188347403071557
123.335,0.15758437057518404,0.15758437057518404
123.336,0.1193276173823472,0.1193276173823472
123.337,0.05602061710685957,0.05602061710685957
123.338,0.01858512800879586,-0.01858512800879586
123.339,0.0894788001982828,-0.0894788001982828
123.34,0.14401609568145646,-0.14401609568145646
123.341,0.17463676913415338,-0.17463676913415338
123.342,0.18003473317509133,-0.18003473317509133
123.343,0.164607527040335,-0.164607527040335
123.344,0.13649359999126554,-0.13649359999126554
123.345,0.10486687075130996,-0.10486687075130996
123.346,0.07730485953475985,-0.07730485953475985
123.347,0.05795286121195675,-0.05795286121195675
123.348,0.04691631328847945,-0.04691631328847945
123.349,0.040924389042175546,-0.040924389042175546
123.35,0.034939339057712404,-0.034939339057712404
123.351,0.024143144601049826,-0.024143144601049826
123.352,0.00567626688983458,-0.00567626688983458
123.353,0.020365896630502256,0.020365896630502256
123.354,0.05090899219274703,0.05090899219274703
123.355,0.08077040423169168,0.08077040423169168
123.356,0.10409136975761735,0.10409136975761735
123.357,0.1158663983667676,0.1158663983667676
123.358,0.11312822963283486,0.11312822963283486
123.359,0.09550066137718538,0.09550066137718538
123.36,0.06505633000182676,0.06505633000182676
123.361,0.025633210269484286,0.025633210269484286
123.362,0.018097506289741383,-0.018097506289741383
123.363,0.0614967884369515,-0.0614967884369515
123.364,0.10053048062048187,-0.10053048062048187
123.365,0.13198209373506753,-0.13198209373506753
123.366,0.1534009711539729,-0.1534009711539729
123.367,0.1629838382811173,-0.1629838382811173
123.368,0.1595914000995473,-0.1595914000995473
123.369,0.14300592341979124,-0.14300592341979124
123.37,0.11437970901357997,-0.11437970901357997
123.371,0.07667286251742689,-0.07667286251742689
123.372,0.03479894210660306,-0.03479894210660306
123.373,0.004767066916625318,0.004767066916625318
123.374,0.03500989746209959,0.03500989746209959
123.375,0.04988690137992258,0.04988690137992258
123.376,0.04596956335847402,0.04596956335847402
123.377,0.0237145181935845,0.0237145181935845
123.378,0.012116082324943656,-0.012116082324943656
123.379,0.053173567040690095,-0.053173567040690095
123.38,0.0893475206676213,-0.0893475206676213
123.381,0.11130244866316197,-0.11130244866316197
123.382,0.11305169317522579,-0.11305169317522579
123.383,0.09379725557100638,-0.09379725557100638
123.384,0.05840588926649881,-0.05840588926649881
123.385,0.016252485859778343,-0.016252485859778343
123.386,0.021352980794377974,0.021352980794377974
123.387,0.04447413015351365,0.04447413015351365
123.388,0.047620632549252084,0.047620632549252084
123.389,0.031605754576957246,0.031605754576957246
123.39,0.0035156607610755675,0.0035156607610755675
123.391,0.025336332798233552,-0.025336332798233552
123.392,0.04296513619997078,-0.04296513619997078
123.393,0.04075177266256658,-0.04075177266256658
123.394,0.016701827623415988,-0.016701827623415988
123.395,0.023187766659385156,0.023187766659385156
123.396,0.06605026732574637,0.06605026732574637
123.397,0.09561179342109472,0.09561179342109472
123.398,0.0970963423849851,0.0970963423849851
123.399,0.062153046228298425,0.062153046228298425
123.4,0.007725229336889461,-0.007725229336889461
123.401,0.10046221695787205,-0.10046221695787205
123.402,0.19576086324884734,-0.19576086324884734
123.403,0.27007060206909117,-0.27007060206909117
123.404,0.3028450811400921,-0.3028450811400921
123.405,0.2823231887576817,-0.2823231887576817
123.406,0.20913341968053123,-0.20913341968053123
123.407,0.09660840205618482,-0.09660840205618482
123.408,0.03236103772292265,0.03236103772292265
123.409,0.15108559946738387,0.15108559946738387
123.41,0.2358250541619722,0.2358250541619722
123.411,0.2716021098640309,0.2716021098640309
123.412,0.2554478861650842,0.2554478861650842
123.413,0.19622969438992577,0.19622969438992577
123.414,0.11125291522291558,0.11125291522291558
123.415,0.020798584754613936,0.020798584754613936
123.416,0.05764993060922663,-0.05764993060922663
123.417,0.1137109408351269,-0.1137109408351269
123.418,0.14570162865565273,-0.14570162865565273
123.419,0.15922224445722666,-0.15922224445722666
123.42,0.16343197869945225,-0.16343197869945225
123.421,0.16647566081478604,-0.16647566081478604
123.422,0.17176702867171645,-0.17176702867171645
123.423,0.17649096855158608,-0.17649096855158608
123.424,0.17287060472061266,-0.17287060472061266
123.425,0.1517340193517207,-0.1517340193517207
123.426,0.10705796605092466,-0.10705796605092466
123.427,0.03976282502123274,-0.03976282502123274
123.428,0.040766015839081016,0.040766015839081016
123.429,0.11820524919239839,0.11820524919239839
123.43,0.17359047048375276,0.17359047048375276
123.431,0.1911025501203445,0.1911025501203445
123.432,0.16346173301794886,0.16346173301794886
123.433,0.09506653434809298,0.09506653434809298
123.434,0.0016695778000619388,0.0016695778000619388
123.435,0.09352597060651491,-0.09352597060651491
123.436,0.16629062492490077,-0.16629062492490077
123.437,0.19838659352914745,-0.19838659352914745
123.438,0.18298944377799997,-0.18298944377799997
123.439,0.12676819017715124,-0.12676819017715124
123.44,0.04790213238084473,-0.04790213238084473
123.441,0.029408566790016133,0.029408566790016133
123.442,0.08226096771996239,0.08226096771996239
123.443,0.09592312010506032,0.09592312010506032
123.444,0.06811954451211322,0.06811954451211322
123.445,0.009401751605134567,0.009401751605134567
123.446,0.06047865378789086,-0.06047865378789086
123.447,0.11900727519139565,-0.11900727519139565
123.448,0.14808340986543944,-0.14808340986543944
123.449,0.13965004384601265,-0.13965004384601265
123.45,0.09801244386656516,-0.09801244386656516
123.451,0.038162185578678565,-0.038162185578678565
123.452,0.019289113182486606,0.019289113182486606
123.453,0.05488748984429126,0.05488748984429126
123.454,0.05662913785676382,0.05662913785676382
123.455,0.0237679848483483,0.0237679848483483
123.456,0.03302698309506513,-0.03302698309506513
123.457,0.09514089867819853,-0.09514089867819853
123.458,0.1419329505904019,-0.1419329505904019
123.459,0.1571865227357716,-0.1571865227357716
123.46,0.1340590751835029,-0.1340590751835029
123.461,0.077041040690497,-0.077041040690497
123.462,0.0004257010077979295,-0.0004257010077979295
123.463,0.07609893144521473,0.07609893144521473
123.464,0.13326071216531554,0.13326071216531554
123.465,0.15758669756299848,0.15758669756299848
123.466,0.1447724441366265,0.1447724441366265
123.467,0.10017835467883907,0.10017835467883907
123.468,0.03654219042345774,0.03654219042345774
123.469,0.030156013297909512,-0.030156013297909512
123.47,0.08526140836705609,-0.08526140836705609
123.471,0.11904494051690295,-0.11904494051690295
123.472,0.12840115504368688,-0.12840115504368688
123.473,0.116423216704033,-0.116423216704033
123.474,0.09033895012501969,-0.09033895012501969
123.475,0.05874497320065053,-0.05874497320065053
123.476,0.02914858926119135,-0.02914858926119135
123.477,0.0065355753369669145,-0.0065355753369669145
123.478,0.006826786574659405,0.006826786574659405
123.479,0.010653731173081882,0.010653731173081882
123.48,0.00559309158907606,0.00559309158907606
123.481,0.0075051841368724,-0.0075051841368724
123.482,0.02763534640075682,-0.02763534640075682
123.483,0.05305211482816141,-0.05305211482816141
123.484,0.0804903834601346,-0.0804903834601346
123.485,0.10479217266929819,-0.10479217266929819
123.486,0.11942474573012685,-0.11942474573012685
123.487,0.11800367717491245,-0.11800367717491245
123.488,0.09646084663596266,-0.09646084663596266
123.489,0.05511635118222902,-0.05511635118222902
123.49,0.00020537924448960077,0.00020537924448960077
123.491,0.0586572102595464,0.0586572102595464
123.492,0.1065905286439508,0.1065905286439508
123.493,0.1310428799007779,0.1310428799007779
123.494,0.12351082838024285,0.12351082838024285
123.495,0.08282140329195098,0.08282140329195098
123.496,0.016107920651885488,0.016107920651885488
123.497,0.06255757935246253,-0.06255757935246253
123.498,0.1355946961354002,-0.1355946961354002
123.499,0.18645967273156772,-0.18645967273156772
123.5,0.20397882111092847,-0.20397882111092847
123.501,0.1851894296466594,-0.1851894296466594
123.502,0.13586629832187225,-0.13586629832187225
123.503,0.06863392063697604,-0.06863392063697604
123.504,0.0006916648741750464,0.0006916648741750464
123.505,0.05736794918079502,0.05736794918079502
123.506,0.0913070741896076,0.0913070741896076
123.507,0.0989772111053353,0.0989772111053353
123.508,0.0832315351488,0.0832315351488
123.509,0.051366356006564695,0.051366356006564695
123.51,0.012254248185600503,0.012254248185600503
123.511,0.02638718089364034,-0.02638718089364034
123.512,0.05970105389948144,-0.05970105389948144
123.513,0.08595433146922049,-0.08595433146922049
123.514,0.1055263409332754,-0.1055263409332754
123.515,0.11926601636000722,-0.11926601636000722
123.516,0.12705300164793654,-0.12705300164793654
123.517,0.1272454032308461,-0.1272454032308461
123.518,0.11727227054659206,-0.11727227054659206
123.519,0.09510694881712944,-0.09510694881712944
123.52,0.06094866212570105,-0.06094866212570105
123.521,0.01830885153988704,-0.01830885153988704
123.522,0.026098151604930786,0.026098151604930786
123.523,0.0637984927895574,0.0637984927895574
123.524,0.08693148072908286,0.08693148072908286
123.525,0.09073632715770685,0.09073632715770685
123.526,0.0752271237330322,0.0752271237330322
123.527,0.04537546670904291,0.04537546670904291
123.528,0.009641109208342824,0.009641109208342824
123.529,0.022701103265863276,-0.022701103265863276
123.53,0.04452365085095389,-0.04452365085095389
123.531,0.05304214320892853,-0.05304214320892853
123.532,0.05043754951941448,-0.05043754951941448
123.533,0.04265832391628188,-0.04265832391628188
123.534,0.03682839528193804,-0.03682839528193804
123.535,0.03822300301430592,-0.03822300301430592
123.536,0.04796762953990874,-0.04796762953990874
123.537,0.06238038910090471,-0.06238038910090471
123.538,0.07428661050338148,-0.07428661050338148
123.539,0.0758931655333357,-0.0758931655333357
123.54,0.062190155093439836,-0.062190155093439836
123.541,0.033585350112650625,-0.033585350112650625
123.542,0.003314112627306187,0.003314112627306187
123.543,0.03723346197773636,0.03723346197773636
123.544,0.05570622370807965,0.05570622370807965
123.545,0.04938444883523618,0.04938444883523618
123.546,0.015695754343081125,0.015695754343081125
123.547,0.03950153933178435,-0.03950153933178435
123.548,0.10298577960279465,-0.10298577960279465
123.549,0.15776874439584687,-0.15776874439584687
123.55,0.18814251806657367,-0.18814251806657367
123.551,0.18455268495757737,-0.18455268495757737
123.552,0.14667420600211056,-0.14667420600211056
123.553,0.0836278210473046,-0.0836278210473046
123.554,0.011216941927646884,-0.011216941927646884
123.555,0.05293125048089742,0.05293125048089742
123.556,0.0947193513910356,0.0947193513910356
123.557,0.10765038140486993,0.10765038140486993
123.558,0.09427256827516728,0.09427256827516728
123.559,0.06455772710816832,0.06455772710816832
123.56,0.03183357168737744,0.03183357168737744
123.561,0.00773997823610606,0.00773997823610606
123.562,0.0019827860055585678,-0.0019827860055585678
123.563,0.0006359869779490879,0.0006359869779490879
123.564,0.006943021705302588,0.006943021705302588
123.565,0.0054111522895861075,0.0054111522895861075
123.566,0.013368940393361894,-0.013368940393361894
123.567,0.052297104691273466,-0.052297104691273466
123.568,0.1056416963425294,-0.1056416963425294
123.569,0.16008238104178252,-0.16008238104178252
123.57,0.19869941977353167,-0.19869941977353167
123.571,0.2066253154190364,-0.2066253154190364
123.572,0.17643395281568564,-0.17643395281568564
123.573,0.1113613986069274,-0.1113613986069274
123.574,0.02513906482170203,-0.02513906482170203
123.575,0.06165144508303366,0.06165144508303366
123.576,0.12760502207210367,0.12760502207210367
123.577,0.15696780794069243,0.15696780794069243
123.578,0.1444346459949144,0.1444346459949144
123.579,0.09667167526709841,0.09667167526709841
123.58,0.030041895772898508,0.030041895772898508
123.581,0.034727518805898416,-0.034727518805898416
123.582,0.0791790727074958,-0.0791790727074958
123.583,0.09287441436985533,-0.09287441436985533
123.584,0.07638160921896131,-0.07638160921896131
123.585,0.04056102765715108,-0.04056102765715108
123.586,0.002459188772092169,-0.002459188772092169
123.587,0.02074769414319433,0.02074769414319433
123.588,0.017686787901534107,0.017686787901534107
123.589,0.01339624386358218,-0.01339624386358218
123.59,0.06417937652794614,-0.06417937652794614
123.591,0.11923815647633618,-0.11923815647633618
123.592,0.16135657649180912,-0.16135657649180912
123.593,0.1773078688938493,-0.1773078688938493
123.594,0.16212303752256008,-0.16212303752256008
123.595,0.12043577977244946,-0.12043577977244946
123.596,0.06453963897953197,-0.06453963897953197
123.597,0.00994403959285528,-0.00994403959285528
123.598,0.029933715665799054,0.029933715665799054
123.599,0.04804690226254427,0.04804690226254427
123.6,0.045493230482028135,0.045493230482028135
123.601,0.03024466941734172,0.03024466941734172
123.602,0.013407113212208444,0.013407113212208444
123.603,0.004475071917037443,0.004475071917037443
123.604,0.007397725227647589,0.007397725227647589
123.605,0.018959528484815857,0.018959528484815857
123.606,0.03011454353556675,0.03011454353556675
123.607,0.02980935634095605,0.02980935634095605
123.608,0.009882462898461064,0.009882462898461064
123.609,0.030817842209904467,-0.030817842209904467
123.61,0.08473185037082964,-0.08473185037082964
123.611,0.1371140248878504,-0.1371140248878504
123.612,0.1704543668944155,-0.1704543668944155
123.613,0.1704016615219791,-0.1704016615219791
123.614,0.13118814032827775,-0.13118814032827775
123.615,0.05862689728208392,-0.05862689728208392
123.616,0.030505922889968895,0.030505922889968895
123.617,0.11272233413235666,0.11272233413235666
123.618,0.16451539877288912,0.16451539877288912
123.619,0.16945833862774928,0.16945833862774928
123.62,0.12348248043567889,0.12348248043567889
123.621,0.036635459440818696,0.036635459440818696
123.622,0.06929937839517597,-0.06929937839517597
123.623,0.16666171381210482,-0.16666171381210482
123.624,0.2295232126443526,-0.2295232126443526
123.625,0.2408016537830543,-0.2408016537830543
123.626,0.19682134437082122,-0.19682134437082122
123.627,0.10807351153984623,-0.10807351153984623
123.628,0.0039057227963639196,0.0039057227963639196
123.629,0.11248369421421356,0.11248369421421356
123.63,0.19288873736710577,0.19288873736710577
123.631,0.22819030545595087,0.22819030545595087
123.632,0.2127510968505748,0.2127510968505748
123.633,0.1524629499438095,0.1524629499438095
123.634,0.06206513959212123,0.06206513959212123
123.635,0.03936210068417412,-0.03936210068417412
123.636,0.13326200505849217,-0.13326200505849217
123.637,0.2054731305029902,-0.2054731305029902
123.638,0.24826802117096247,-0.24826802117096247
123.639,0.2604061221725945,-0.2604061221725945
123.64,0.24566535371155673,-0.24566535371155673
123.641,0.21066887221941244,-0.21066887221941244
123.642,0.1628342829665066,-0.1628342829665066
123.643,0.10899687844527162,-0.10899687844527162
123.644,0.054847965402417764,-0.054847965402417764
123.645,0.004964940275964502,-0.004964940275964502
123.646,0.03697060275169406,0.03697060275169406
123.647,0.06812148891574066,0.06812148891574066
123.648,0.08674341926807871,0.08674341926807871
123.649,0.09259855815574869,0.09259855815574869
123.65,0.08722333298528695,0.08722333298528695
123.651,0.07374364885459528,0.07374364885459528
123.652,0.05611725695947234,0.05611725695947234
123.653,0.03796743448212436,0.03796743448212436
123.654,0.02142032601611077,0.02142032601611077
123.655,0.006445121592788761,0.006445121592788761
123.656,0.008938600768465088,-0.008938600768465088
123.657,0.027544063548878617,-0.027544063548878617
123.658,0.05133757230511937,-0.05133757230511937
123.659,0.07983742728622578,-0.07983742728622578
123.66,0.10929760681241096,-0.10929760681241096
123.661,0.13316288710418134,-0.13316288710418134
123.662,0.1438359523963233,-0.1438359523963233
123.663,0.13527848151843003,-0.13527848151843003
123.664,0.10557427229718319,-0.10557427229718319
123.665,0.058479110388729216,-0.058479110388729216
123.666,0.0032374024768205834,-0.0032374024768205834
123.667,0.04750330588047946,0.04750330588047946
123.668,0.0811810372110977,0.0811810372110977
123.669,0.08916387568447526,0.08916387568447526
123.67,0.06968213502371534,0.06968213502371534
123.671,0.028790302090308195,0.028790302090308195
123.672,0.021104161911194352,-0.021104161911194352
123.673,0.06481470286881297,-0.06481470286881297
123.674,0.088996491860589,-0.088996491860589
123.675,0.08635637457972878,-0.08635637457972878
123.676,0.058068215989820926,-0.058068215989820926
123.677,0.01355314791346729,-0.01355314791346729
123.678,0.032372948096665244,0.032372948096665244
123.679,0.06411771501412722,0.06411771501412722
123.68,0.07023486000206614,0.07023486000206614
123.681,0.047070707545112,0.047070707545112
123.682,4.193653233386385e-05,-4.193653233386385e-05
123.683,0.05842400644848411,-0.05842400644848411
123.684,0.11198341410014301,-0.11198341410014301
123.685,0.14615935868552543,-0.14615935868552543
123.686,0.15228374291170954,-0.15228374291170954
123.687,0.12998371397543695,-0.12998371397543695
123.688,0.08691825736549863,-0.08691825736549863
123.689,0.03603052166240028,-0.03603052166240028
123.69,0.008696410586699788,0.008696410586699788
123.691,0.03653873366479421,0.03653873366479421
123.692,0.042987235590070005,0.042987235590070005
123.693,0.030470833404561803,0.030470833404561803
123.694,0.006751792887609076,0.006751792887609076
123.695,0.018311595929548452,-0.018311595929548452
123.696,0.03641800807892992,-0.03641800807892992
123.697,0.04359552326222371,-0.04359552326222371
123.698,0.04117183621692544,-0.04117183621692544
123.699,0.03470236119791004,-0.03470236119791004
123.7,0.031355571968915585,-0.031355571968915585
123.701,0.03678893195070343,-0.03678893195070343
123.702,0.052695068775330034,-0.052695068775330034
123.703,0.07591643761412148,-0.07591643761412148
123.704,0.09943060411898408,-0.09943060411898408
123.705,0.11481944878376893,-0.11481944878376893
123.706,0.11530331421364082,-0.11530331421364082
123.707,0.0982324148084146,-0.0982324148084146
123.708,0.06614223047339973,-0.06614223047339973
123.709,0.026010846581998814,-0.026010846581998814
123.71,0.012993576052576117,0.012993576052576117
123.711,0.042453928011791264,0.042453928011791264
123.712,0.05728559044152348,0.05728559044152348
123.713,0.057064041750427785,0.057064041750427785
123.714,0.04567644850050856,0.04567644850050856
123.715,0.029488641939232618,0.029488641939232618
123.716,0.014750432722703488,0.014750432722703488
123.717,0.005221686402802961,0.005221686402802961
123.718,0.0008999643153151382,0.0008999643153151382
123.719,0.0016901325183269478,-0.0016901325183269478
123.72,0.007769743402163964,-0.007769743402163964
123.721,0.021799769568795035,-0.021799769568795035
123.722,0.04515002985057648,-0.04515002985057648
123.723,0.07484769454580109,-0.07484769454580109
123.724,0.10393399975587769,-0.10393399975587769
123.725,0.12339118349677214,-0.12339118349677214
123.726,0.12504172369604527,-0.12504172369604527
123.727,0.10446356766585452,-0.10446356766585452
123.728,0.06293048234070509,-0.06293048234070509
123.729,0.007685952455162792,-0.007685952455162792
123.73,0.04961074700199686,0.04961074700199686
123.731,0.09584458924787431,0.09584458924787431
123.732,0.11994430427641989,0.11994430427641989
123.733,0.11588811956960932,0.11588811956960932
123.734,0.08433944987285624,0.08433944987285624
123.735,0.03245669294334674,0.03245669294334674
123.736,0.028035226414065417,-0.028035226414065417
123.737,0.08392855488143236,-0.08392855488143236
123.738,0.12388710137585823,-0.12388710137585823
123.739,0.14115563658208463,-0.14115563658208463
123.74,0.13493746790900474,-0.13493746790900474
123.741,0.11015606992119664,-0.11015606992119664
123.742,0.07576520213122018,-0.07576520213122018
123.743,0.0421391587046942,-0.0421391587046942
123.744,0.01827116910292892,-0.01827116910292892
123.745,0.009501687943198056,-0.009501687943198056
123.746,0.016314793910881198,-0.016314793910881198
123.747,0.03444581415984804,-0.03444581415984804
123.748,0.05621776784788257,-0.05621776784788257
123.749,0.07274216276472556,-0.07274216276472556
123.75,0.07643345451263095,-0.07643345451263095
123.751,0.06322290067139313,-0.06322290067139313
123.752,0.03392099599446763,-0.03392099599446763
123.753,0.005644750590526382,0.005644750590526382
123.754,0.04582550629824178,0.04582550629824178
123.755,0.0754795984499721,0.0754795984499721
123.756,0.08493546197397417,0.08493546197397417
123.757,0.06887303494481012,0.06887303494481012
123.758,0.028337477031076697,0.028337477031076697
123.759,0.028775941573715436,-0.028775941573715436
123.76,0.08910149263697009,-0.08910149263697009
123.761,0.1369091906239397,-0.1369091906239397
123.762,0.15828703006890432,-0.15828703006890432
123.763,0.14534284312653478,-0.14534284312653478
123.764,0.09921163309110959,-0.09921163309110959
123.765,0.03083452687842758,-0.03083452687842758
123.766,0.041007927496582,0.041007927496582
123.767,0.09418143497099263,0.09418143497099263
123.768,0.10920220913458922,0.10920220913458922
123.769,0.07519067551104319,0.07519067551104319
123.77,0.005958034604460538,-0.005958034604460538
123.771,0.1185812983420721,-0.1185812983420721
123.772,0.2360390213514516,-0.2360390213514516
123.773,0.3268475337802612,-0.3268475337802612
123.774,0.3627138168413968,-0.3627138168413968
123.775,0.32636787611010887,-0.32636787611010887
123.776,0.21700163514125426,-0.21700163514125426
123.777,0.05166631402880162,-0.05166631402880162
123.778,0.13796860825478285,0.13796860825478285
123.779,0.3128192415203268,0.3128192415203268
123.78,0.43575029032509716,0.43575029032509716
123.781,0.48064587031774053,0.48064587031774053
123.782,0.43877126377269327,0.43877126377269327
123.783,0.320727983450672,0.320727983450672
123.784,0.15350736614251148,0.15350736614251148
123.785,0.026511816107018138,-0.026511816107018138
123.786,0.1826856905082701,-0.1826856905082701
123.787,0.28688178277232024,-0.28688178277232024
123.788,0.32561691279810345,-0.32561691279810345
123.789,0.3020721401713008,-0.3020721401713008
123.79,0.233692247456869,-0.233692247456869
123.791,0.14629643410806525,-0.14629643410806525
123.792,0.06652333180620151,-0.06652333180620151
123.793,0.014767363169147174,-0.014767363169147174
123.794,0.0004718334317470596,-0.0004718334317470596
123.795,0.02085022774839773,-0.02085022774839773
123.796,0.0630728876456711,-0.0630728876456711
123.797,0.10899518783547368,-0.10899518783547368
123.798,0.14088397480454096,-0.14088397480454096
123.799,0.14646839390088195,-0.14646839390088195
123.8,0.12199148420628103,-0.12199148420628103
123.801,0.07262363115291681,-0.07262363115291681
123.802,0.010389815871277741,-0.010389815871277741
123.803,0.04957480185398544,0.04957480185398544
123.804,0.0932629735949495,0.0932629735949495
123.805,0.11134972682300304,0.11134972682300304
123.806,0.1012037626390847,0.1012037626390847
123.807,0.06700312999921487,0.06700312999921487
123.808,0.01813450134476846,0.01813450134476846
123.809,0.03353156575498706,-0.03353156575498706
123.81,0.0766918120362644,-0.0766918120362644
123.811,0.10321162757459179,-0.10321162757459179
123.812,0.10970517730215401,-0.10970517730215401
123.813,0.09783150031632604,-0.09783150031632604
123.814,0.07336819542370288,-0.07336819542370288
123.815,0.044392012181571294,-0.044392012181571294
123.816,0.019061606682769683,-0.019061606682769683
123.817,0.003545177668204391,-0.003545177668204391
123.818,0.0005702401704305027,-0.0005702401704305027
123.819,0.008914896118545013,-0.008914896118545013
123.82,0.023940221516068783,-0.023940221516068783
123.821,0.03902085272906597,-0.03902085272906597
123.822,0.04751185395737656,-0.04751185395737656
123.823,0.04474377199560364,-0.04474377199560364
123.824,0.029507013164034146,-0.029507013164034146
123.825,0.004593488973372528,-0.004593488973372528
123.826,0.0238032153811647,0.0238032153811647
123.827,0.047717899186525026,0.047717899186525026
123.828,0.059657481103563725,0.059657481103563725
123.829,0.05483365271407492,0.05483365271407492
123.83,0.03272288165489878,0.03272288165489878
123.831,0.0025450283422392417,-0.0025450283422392417
123.832,0.04314014923775322,-0.04314014923775322
123.833,0.07959551990534575,-0.07959551990534575
123.834,0.10339683977852465,-0.10339683977852465
123.835,0.10933233991487445,-0.10933233991487445
123.836,0.09689051395671544,-0.09689051395671544
123.837,0.07027789962748476,-0.07027789962748476
123.838,0.03705874166127465,-0.03705874166127465
123.839,0.005854710487929515,-0.005854710487929515
123.84,0.016159964024540896,0.016159964024540896
123.841,0.025177078053915114,0.025177078053915114
123.842,0.02150365615141303,0.02150365615141303
123.843,0.008960299689051654,0.008960299689051654
123.844,0.006795378664252394,-0.006795378664252394
123.845,0.02039013819828972,-0.02039013819828972
123.846,0.028543736122297103,-0.028543736122297103
123.847,0.030949361554260868,-0.030949361554260868
123.848,0.029968291178710915,-0.029968291178710915
123.849,0.02932281259738556,-0.02932281259738556
123.85,0.032334757623655674,-0.032334757623655674
123.851,0.04040920944874993,-0.04040920944874993
123.852,0.052350066159292497,-0.052350066159292497
123.853,0.0647612881963221,-0.0647612881963221
123.854,0.07336256153804954,-0.07336256153804954
123.855,0.07469324813999811,-0.07469324813999811
123.856,0.06752959825803706,-0.06752959825803706
123.857,0.05345429513511457,-0.05345429513511457
123.858,0.03635037909015537,-0.03635037909015537
123.859,0.021014315908440273,-0.021014315908440273
123.86,0.011430373788050341,-0.011430373788050341
123.861,0.00938331083731303,-0.00938331083731303
123.862,0.013953211000061527,-0.013953211000061527
123.863,0.022084600780796326,-0.022084600780796326
123.864,0.02998865267207418,-0.02998865267207418
123.865,0.03479459169693799,-0.03479459169693799
123.866,0.03575465674726008,-0.03575465674726008
123.867,0.03447789205331353,-0.03447789205331353
123.868,0.03406158142134552,-0.03406158142134552
123.869,0.037453487931812246,-0.037453487931812246
123.87,0.045726779065248246,-0.045726779065248246
123.871,0.057034437498381774,-0.057034437498381774
123.872,0.0667819066773665,-0.0667819066773665
123.873,0.06908968494885137,-0.06908968494885137
123.874,0.05908536599605352,-0.05908536599605352
123.875,0.035177107391962226,-0.035177107391962226
123.876,0.0003826737256410473,-0.0003826737256410473
123.877,0.03792725646973483,0.03792725646973483
123.878,0.06995240591894203,0.06995240591894203
123.879,0.08649717955591996,0.08649717955591996
123.88,0.08208939142689098,0.08208939142689098
123.881,0.057044359656728494,0.057044359656728494
123.882,0.01764750449640151,0.01764750449640151
123.883,0.025726640748220175,-0.025726640748220175
123.884,0.061988080073417495,-0.061988080073417495
123.885,0.08304358520061861,-0.08304358520061861
123.886,0.0865092824966619,-0.0865092824966619
123.887,0.07639117887268776,-0.07639117887268776
123.888,0.061408313581225116,-0.061408313581225116
123.889,0.05149775057753747,-0.05149775057753747
123.89,0.05374737031786725,-0.05374737031786725
123.891,0.06927940394763488,-0.06927940394763488
123.892,0.09232977068529635,-0.09232977068529635
123.893,0.11201079620842758,-0.11201079620842758
123.894,0.11626473172632423,-0.11626473172632423
123.895,0.09666429107343255,-0.09666429107343255
123.896,0.05231481363221946,-0.05231481363221946
123.897,0.008669164446408528,0.008669164446408528
123.898,0.07085131295364455,0.07085131295364455
123.899,0.11596325599309232,0.11596325599309232
123.9,0.12880741793730266,0.12880741793730266
123.901,0.10260146627545974,0.10260146627545974
123.902,0.041882911729050676,0.041882911729050676
123.903,0.038151137673700375,-0.038151137673700375
123.904,0.11581531280881097,-0.11581531280881097
123.905,0.16936516182010375,-0.16936516182010375
123.906,0.1836303946376897,-0.1836303946376897
123.907,0.154685388090972,-0.154685388090972
123.908,0.09101656101730693,-0.09101656101730693
123.909,0.010804786503633812,-0.010804786503633812
123.91,0.06376506812316829,0.06376506812316829
123.911,0.11327378030105484,0.11327378030105484
123.912,0.12669378070320048,0.12669378070320048
123.913,0.10408326698200887,0.10408326698200887
123.914,0.055600215261531805,0.055600215261531805
123.915,0.0026377492296375538,-0.0026377492296375538
123.916,0.05426507484830134,-0.05426507484830134
123.917,0.08789984137727258,-0.08789984137727258
123.918,0.10011666293232191,-0.10011666293232191
123.919,0.09528361190320722,-0.09528361190320722
123.92,0.08257376946554251,-0.08257376946554251
123.921,0.07149486254639281,-0.07149486254639281
123.922,0.06777844734550331,-0.06777844734550331
123.923,0.07125555414891294,-0.07125555414891294
123.924,0.07650861182133317,-0.07650861182133317
123.925,0.07595403587685468,-0.07595403587685468
123.926,0.0640137338574237,-0.0640137338574237
123.927,0.04056406279015867,-0.04056406279015867
123.928,0.012097461521827557,-0.012097461521827557
123.929,0.010086452729092255,0.010086452729092255
123.93,0.01415374470054287,0.01415374470054287
123.931,0.007078635983903125,-0.007078635983903125
123.932,0.05208629257115083,-0.05208629257115083
123.933,0.1094713904368535,-0.1094713904368535
123.934,0.16047258204452874,-0.16047258204452874
123.935,0.18459833795806213,-0.18459833795806213
123.936,0.1666163418376737,-0.1666163418376737
123.937,0.10249697774225885,-0.10249697774225885
123.938,0.002115042413348922,-0.002115042413348922
123.939,0.11247697682526647,0.11247697682526647
123.94,0.21290907481422394,0.21290907481422394
123.941,0.2727499837497942,0.2727499837497942
123.942,0.2755315878650959,0.2755315878650959
123.943,0.2199041884763866,0.2199041884763866
123.944,0.12018168931660855,0.12018168931660855
123.945,0.002043640866798979,0.002043640866798979
123.946,0.10523295536102606,-0.10523295536102606
123.947,0.17748853900500072,-0.17748853900500072
123.948,0.20252212631535205,-0.20252212631535205
123.949,0.18289720305629187,-0.18289720305629187
123.95,0.13393486452887382,-0.13393486452887382
123.951,0.07774307313920448,-0.07774307313920448
123.952,0.03543585613461053,-0.03543585613461053
123.953,0.02023362625345726,-0.02023362625345726
123.954,0.033733379226328464,-0.033733379226328464
123.955,0.06645514439124023,-0.06645514439124023
123.956,0.10224022132474908,-0.10224022132474908
123.957,0.12474404475570355,-0.12474404475570355
123.958,0.12359785586346417,-0.12359785586346417
123.959,0.09802912917523188,-0.09802912917523188
123.96,0.05673110151736982,-0.05673110151736982
123.961,0.014177884970667964,-0.014177884970667964
123.962,0.015123517277756626,0.015123517277756626
123.963,0.0222358915288301,0.0222358915288301
123.964,0.0071495783620483255,0.0071495783620483255
123.965,0.021326181667199906,-0.021326181667199906
123.966,0.04904819408357308,-0.04904819408357308
123.967,0.06205376896469472,-0.06205376896469472
123.968,0.05201703045575934,-0.05201703045575934
123.969,0.019599481840798183,-0.019599481840798183
123.97,0.025556503809935238,0.025556503809935238
123.971,0.06819196732901212,0.06819196732901212
123.972,0.0929140074188406,0.0929140074188406
123.973,0.08978334983040703,0.08978334983040703
123.974,0.05796486236390508,0.05796486236390508
123.975,0.006118807272079918,0.006118807272079918
123.976,0.05059278614646168,-0.05059278614646168
123.977,0.0957798733163665,-0.0957798733163665
123.978,0.11745945202744179,-0.11745945202744179
123.979,0.11202741088249724,-0.11202741088249724
123.98,0.08517430602387965,-0.08517430602387965
123.981,0.049479995765617235,-0.049479995765617235
123.982,0.019626807828182935,-0.019626807828182935
123.983,0.007011817450555902,-0.007011817450555902
123.984,0.01571560106257086,-0.01571560106257086
123.985,0.04124581345720446,-0.04124581345720446
123.986,0.07243091240432464,-0.07243091240432464
123.987,0.09568510740014269,-0.09568510740014269
123.988,0.10002589788692717,-0.10002589788692717
123.989,0.08100131494771456,-0.08100131494771456
123.99,0.0421423084380681,-0.0421423084380681
123.991,0.006490441991072959,0.006490441991072959
123.992,0.0520134423765084,0.0520134423765084
123.993,0.08322412605667373,0.08322412605667373
123.994,0.09421007668049719,0.09421007668049719
123.995,0.08578069735683846,0.08578069735683846
123.996,0.06431750278734993,0.06431750278734993
123.997,0.03864271857917867,0.03864271857917867
123.998,0.01624665548260884,0.01624665548260884
123.999,0.00041292481167487516,0.00041292481167487516
124.0,0.010629518538361693,-0.010629518538361693
124.001,0.022247621965137188,-0.022247621965137188
124.002,0.04030852071611657,-0.04030852071611657
124.003,0.06779113059317454,-0.06779113059317454
124.004,0.10258144731052143,-0.10258144731052143
124.005,0.13746252745884857,-0.13746252745884857
124.006,0.16242622179733268,-0.16242622179733268
124.007,0.1684765821984826,-0.1684765821984826
124.008,0.1514432375980298,-0.1514432375980298
124.009,0.114242522013562,-0.114242522013562
124.01,0.06656246026159962,-0.06656246026159962
124.011,0.021912549732660214,-0.021912549732660214
124.012,0.006992017081987267,0.006992017081987267
124.013,0.012846267093609809,0.012846267093609809
124.014,0.0033773410272869286,-0.0033773410272869286
124.015,0.0324777120903903,-0.0324777120903903
124.016,0.06011017724467849,-0.06011017724467849
124.017,0.07189703213535414,-0.07189703213535414
124.018,0.05876108629075116,-0.05876108629075116
124.019,0.02053408303750015,-0.02053408303750015
124.02,0.03353570629447078,0.03353570629447078
124.021,0.08765612440781578,0.08765612440781578
124.022,0.12479678330098132,0.12479678330098132
124.023,0.13257352541494716,0.13257352541494716
124.024,0.10761053256272546,0.10761053256272546
124.025,0.05679477056546545,0.05679477056546545
124.026,0.005060553999209572,-0.005060553999209572
124.027,0.060333723634155345,-0.060333723634155345
124.028,0.0946701176889222,-0.0946701176889222
124.029,0.10183263552149024,-0.10183263552149024
124.03,0.0855766032288462,-0.0855766032288462
124.031,0.057873738378177775,-0.057873738378177775
124.032,0.034139628106835795,-0.034139628106835795
124.033,0.027219679821969045,-0.027219679821969045
124.034,0.04235484499930442,-0.04235484499930442
124.035,0.07500443488167596,-0.07500443488167596
124.036,0.11236795370883768,-0.11236795370883768
124.037,0.13809389535506889,-0.13809389535506889
124.038,0.13848319819769794,-0.13848319819769794
124.039,0.10792128335572448,-0.10792128335572448
124.04,0.05152008351999671,-0.05152008351999671
124.041,0.01606275161000381,0.01606275161000381
124.042,0.0752884333021957,0.0752884333021957
124.043,0.10828316418675898,0.10828316418675898
124.044,0.10496713053757745,0.10496713053757745
124.045,0.06659285101608825,0.06659285101608825
124.046,0.00542484515393582,0.00542484515393582
124.047,0.05934501250159252,-0.05934501250159252
124.048,0.10802144435128713,-0.10802144435128713
124.049,0.12692249428532798,-0.12692249428532798
124.05,0.11272355831404646,-0.11272355831404646
124.051,0.07315074876615912,-0.07315074876615912
124.052,0.023853059791961617,-0.023853059791961617
124.053,0.017362152555510768,0.017362152555510768
124.054,0.03682998867688947,0.03682998867688947
124.055,0.029613245992765158,0.029613245992765158
124.056,0.0007800373926203363,0.0007800373926203363
124.057,0.03699375947241801,-0.03699375947241801
124.058,0.06852466318347594,-0.06852466318347594
124.059,0.08198344041200945,-0.08198344041200945
124.06,0.07332967711227834,-0.07332967711227834
124.061,0.047686413537088024,-0.047686413537088024
124.062,0.017173472130475043,-0.017173472130475043
124.063,0.003960689069154144,0.003960689069154144
124.064,0.005062581584414083,0.005062581584414083
124.065,0.01651635014798758,-0.01651635014798758
124.066,0.05401474818499996,-0.05401474818499996
124.067,0.09344865578935901,-0.09344865578935901
124.068,0.11865077511936417,-0.11865077511936417
124.069,0.11735402011579454,-0.11735402011579454
124.07,0.0860945897538592,-0.0860945897538592
124.071,0.03209758876753033,-0.03209758876753033
124.072,0.028634739388557318,0.028634739388557318
124.073,0.07646249635980662,0.07646249635980662
124.074,0.09474523547809466,0.09474523547809466
124.075,0.07568934688529771,0.07568934688529771
124.076,0.023363033290614066,0.023363033290614066
124.077,0.047203299069382254,-0.047203299069382254
124.078,0.11457533181141766,-0.11457533181141766
124.079,0.1576288999707368,-0.1576288999707368
124.08,0.16219324968353133,-0.16219324968353133
124.081,0.12544081121133777,-0.12544081121133777
124.082,0.05662562733697052,-0.05662562733697052
124.083,0.025985181936228008,0.025985181936228008
124.084,0.10087886380199751,0.10087886380199751
124.085,0.1498029403882426,0.1498029403882426
124.086,0.1628864815044626,0.1628864815044626
124.087,0.14081205077826908,0.14081205077826908
124.088,0.09353389725499062,0.09353389725499062
124.089,0.03621522902179408,0.03621522902179408
124.09,0.016058321238956674,-0.016058321238956674
124.091,0.052931116343504114,-0.052931116343504114
124.092,0.07129417405008598,-0.07129417405008598
124.093,0.07501760699616622,-0.07501760699616622
124.094,0.07227315678039703,-0.07227315678039703
124.095,0.0716425265156514,-0.0716425265156514
124.096,0.07854672526797091,-0.07854672526797091
124.097,0.0932954619044909,-0.0932954619044909
124.098,0.11136184866593679,-0.11136184866593679
124.099,0.12561404663679177,-0.12561404663679177
124.1,0.12951162309308417,-0.12951162309308417
124.101,0.11995958003056661,-0.11995958003056661
124.102,0.09870454901661507,-0.09870454901661507
124.103,0.07176193995606739,-0.07176193995606739
124.104,0.04713748521212979,-0.04713748521212979
124.105,0.031755495164086156,-0.031755495164086156
124.106,0.028790647697767513,-0.028790647697767513
124.107,0.036425346195887665,-0.036425346195887665
124.108,0.04849948982636154,-0.04849948982636154
124.109,0.05680163129662841,-0.05680163129662841
124.11,0.05414145824158301,-0.05414145824158301
124.111,0.03706649524124772,-0.03706649524124772
124.112,0.007234733395458881,-0.007234733395458881
124.113,0.029036587190803376,0.029036587190803376
124.114,0.0628543836616482,0.0628543836616482
124.115,0.08569017213862873,0.08569017213862873
124.116,0.09211766306411806,0.09211766306411806
124.117,0.08139616292405094,0.08139616292405094
124.118,0.05739743511729678,0.05739743511729678
124.119,0.026987362609442123,0.026987362609442123
124.12,0.0024778174657379415,-0.0024778174657379415
124.121,0.025595484072507446,-0.025595484072507446
124.122,0.040427027167463936,-0.040427027167463936
124.123,0.04858856930311417,-0.04858856930311417
124.124,0.0539845277343628,-0.0539845277343628
124.125,0.06074759784396233,-0.06074759784396233
124.126,0.07121946964334602,-0.07121946964334602
124.127,0.08475630129272205,-0.08475630129272205
124.128,0.09780298603542092,-0.09780298603542092
124.129,0.10518754499677696,-0.10518754499677696
124.13,0.1021294434557648,-0.1021294434557648
124.131,0.08620063780457976,-0.08620063780457976
124.132,0.05851164808707188,-0.05851164808707188
124.133,0.02369314174024928,-0.02369314174024928
124.134,0.011313525333023877,0.011313525333023877
124.135,0.03922315424394429,0.03922315424394429
124.136,0.05445091876921526,0.05445091876921526
124.137,0.05456119101532941,0.05456119101532941
124.138,0.04069179002857726,0.04069179002857726
124.139,0.01690169290489374,0.01690169290489374
124.14,0.011243949194820413,-0.011243949194820413
124.141,0.03831426342612532,-0.03831426342612532
124.142,0.060329274616309214,-0.060329274616309214
124.143,0.07538765313781681,-0.07538765313781681
124.144,0.083533760043079,-0.083533760043079
124.145,0.08607301518873589,-0.08607301518873589
124.146,0.0847072345910388,-0.0847072345910388
124.147,0.08085583487476222,-0.08085583487476222
124.148,0.07537628995869594,-0.07537628995869594
124.149,0.06867772464366817,-0.06867772464366817
124.15,0.06103659120134908,-0.06103659120134908
124.151,0.05285267192386034,-0.05285267192386034
124.152,0.04465209287073646,-0.04465209287073646
124.153,0.03681283662029289,-0.03681283662029289
124.154,0.029173139270533666,-0.029173139270533666
124.155,0.02079183483977287,-0.02079183483977287
124.156,0.010102733306312062,-0.010102733306312062
124.157,0.004456748453629533,0.004456748453629533
124.158,0.023496133848762257,0.023496133848762257
124.159,0.04575941892876534,0.04575941892876534
124.16,0.06768494363568833,0.06768494363568833
124.161,0.08377154271816045,0.08377154271816045
124.162,0.08782307594325411,0.08782307594325411
124.163,0.07480803511109269,0.07480803511109269
124.164,0.04278711092654808,0.04278711092654808
124.165,0.005754153705592624,-0.005754153705592624
124.166,0.06371648017640152,-0.06371648017640152
124.167,0.12056707190893678,-0.12056707190893678
124.168,0.1646806734623678,-0.1646806734623678
124.169,0.1862353590450624,-0.1862353590450624
124.17,0.1798356265533806,-0.1798356265533806
124.171,0.14607516698421097,-0.14607516698421097
124.172,0.09154881666933012,-0.09154881666933012
124.173,0.02728480923269183,-0.02728480923269183
124.174,0.0339562017566275,0.0339562017566275
124.175,0.08073612970533928,0.08073612970533928
124.176,0.10548664993432544,0.10548664993432544
124.177,0.10587617633266855,0.10587617633266855
124.178,0.08471518675319656,0.08471518675319656
124.179,0.04857485323895294,0.04857485323895294
124.18,0.005662588698605031,0.005662588698605031
124.181,0.03633726160397677,-0.03633726160397677
124.182,0.07182916003269801,-0.07182916003269801
124.183,0.09792802210938367,-0.09792802210938367
124.184,0.11414978198873427,-0.11414978198873427
124.185,0.12149802009423238,-0.12149802009423238
124.186,0.1214307020734392,-0.1214307020734392
124.187,0.11514794875059708,-0.11514794875059708
124.188,0.10343297888545577,-0.10343297888545577
124.189,0.0869986205505614,-0.0869986205505614
124.19,0.06705733468741093,-0.06705733468741093
124.191,0.04573608325135314,-0.04573608325135314
124.192,0.026032774799857106,-0.026032774799857106
124.193,0.011222933841138039,-0.011222933841138039
124.194,0.003884178800783844,-0.003884178800783844
124.195,0.004904581922106188,-0.004904581922106188
124.196,0.012895737634907034,-0.012895737634907034
124.197,0.02431549558594548,-0.02431549558594548
124.198,0.03435853962981006,-0.03435853962981006
124.199,0.03838637381919807,-0.03838637381919807
124.2,0.03344964113164017,-0.03344964113164017
124.201,0.019389076565163643,-0.019389076565163643
124.202,0.0008843043182964472,0.0008843043182964472
124.203,0.022070711440921986,0.022070711440921986
124.204,0.03795176991217697,0.03795176991217697
124.205,0.04321516762198074,0.04321516762198074
124.206,0.0350799010918057,0.0350799010918057
124.207,0.014228784512878123,0.014228784512878123
124.208,0.01522820219157095,-0.01522820219157095
124.209,0.04673851940437701,-0.04673851940437701
124.21,0.0729393398420386,-0.0729393398420386
124.211,0.08746438991793659,-0.08746438991793659
124.212,0.08643282229266569,-0.08643282229266569
124.213,0.06925498245133288,-0.06925498245133288
124.214,0.03861069966969932,-0.03861069966969932
124.215,0.00030807641994501367,0.00030807641994501367
124.216,0.041020337567332144,0.041020337567332144
124.217,0.07709941592558489,0.07709941592558489
124.218,0.10332323751355288,0.10332323751355288
124.219,0.11642607113828429,0.11642607113828429
124.22,0.11538107266274622,0.11538107266274622
124.221,0.10125712395701725,0.10125712395701725
124.222,0.07675987878981294,0.07675987878981294
124.223,0.04558414064240268,0.04558414064240268
124.224,0.011691481710993878,0.011691481710993878
124.225,0.02139147490738258,-0.02139147490738258
124.226,0.05116568408897737,-0.05116568408897737
124.227,0.07655063677672813,-0.07655063677672813
124.228,0.09798191534820888,-0.09798191534820888
124.229,0.11715105171379836,-0.11715105171379836
124.23,0.13639011607329654,-0.13639011607329654
124.231,0.1578022433100741,-0.1578022433100741
124.232,0.18234111601750236,-0.18234111601750236
124.233,0.20910565942326864,-0.20910565942326864
124.234,0.23510381919865608,-0.23510381919865608
124.235,0.25563684026208555,-0.25563684026208555
124.236,0.26528192204563816,-0.26528192204563816
124.237,0.259256875018945,-0.259256875018945
124.238,0.23480173915317393,-0.23480173915317393
124.239,0.19216753885185955,-0.19216753885185955
124.24,0.13488835832660295,-0.13488835832660295
124.241,0.06921190486490947,-0.06921190486490947
124.242,0.00281588169680691,-0.00281588169680691
124.243,0.0568399817850358,0.0568399817850358
124.244,0.10406036794057183,0.10406036794057183
124.245,0.13592648679835895,0.13592648679835895
124.246,0.15251472331930915,0.15251472331930915
124.247,0.1563185954901407,0.1563185954901407
124.248,0.1511209458361802,0.1511209458361802
124.249,0.1407213028120866,0.1407213028120866
124.25,0.1279361283612086,0.1279361283612086
124.251,0.11415699967591175,0.11415699967591175
124.252,0.09952646112499619,0.09952646112499619
124.253,0.08355938747749647,0.08355938747749647
124.254,0.06588611005874423,0.06588611005874423
124.255,0.04677708415913506,0.04677708415913506
124.256,0.02722944665713456,0.02722944665713456
124.257,0.008601883947238598,0.008601883947238598
124.258,0.008009128690532497,-0.008009128690532497
124.259,0.02233652582920298,-0.02233652582920298
124.26,0.0351520550940011,-0.0351520550940011
124.261,0.047963785984673324,-0.047963785984673324
124.262,0.06227066610262233,-0.06227066610262233
124.263,0.0786519532545209,-0.0786519532545209
124.264,0.09607628905010535,-0.09607628905010535
124.265,0.11176975681324341,-0.11176975681324341
124.266,0.12179290558660427,-0.12179290558660427
124.267,0.12220969073632582,-0.12220969073632582
124.268,0.1104870127069364,-0.1104870127069364
124.269,0.0866387848066622,-0.0866387848066622
124.27,0.05367855781561659,-0.05367855781561659
124.271,0.017160521944560525,-0.017160521944560525
124.272,0.016102456774690133,0.016102456774690133
124.273,0.03976401484015213,0.03976401484015213
124.274,0.04956775295478466,0.04956775295478466
124.275,0.04434933223710025,0.04434933223710025
124.276,0.026108601648418883,0.026108601648418883
124.277,0.0008340793379771894,-0.0008340793379771894
124.278,0.0312659025986185,-0.0312659025986185
124.279,0.060568188385413446,-0.060568188385413446
124.28,0.08573714254881859,-0.08573714254881859
124.281,0.10561250275485512,-0.10561250275485512
124.282,0.12030849815294697,-0.12030849815294697
124.283,0.1301631196426566,-0.1301631196426566
124.284,0.13471950972626334,-0.13471950972626334
124.285,0.1322472563917214,-0.1322472563917214
124.286,0.12009767756879319,-0.12009767756879319
124.287,0.09584191813758847,-0.09584191813758847
124.288,0.05879350594571098,-0.05879350594571098
124.289,0.011303770617164699,-0.011303770617164699
124.29,0.04076988104778856,0.04076988104778856
124.291,0.08877636008915868,0.08877636008915868
124.292,0.1231138014420452,0.1231138014420452
124.293,0.1357319192034705,0.1357319192034705
124.294,0.1225377375755885,0.1225377375755885
124.295,0.08491026341083496,0.08491026341083496
124.296,0.029764782984687432,0.029764782984687432
124.297,0.0319533234352819,-0.0319533234352819
124.298,0.08796558432709045,-0.08796558432709045
124.299,0.12777691818077452,-0.12777691818077452
124.3,0.14529167138733168,-0.14529167138733168
124.301,0.1401574783083145,-0.1401574783083145
124.302,0.11746308846359621,-0.11746308846359621
124.303,0.0859318531368628,-0.0859318531368628
124.304,0.05521436110469058,-0.05521436110469058
124.305,0.03314012106491793,-0.03314012106491793
124.306,0.02375922480842385,-0.02375922480842385
124.307,0.026708649523525918,-0.026708649523525918
124.308,0.03798225798682453,-0.03798225798682453
124.309,0.05172727799226129,-0.05172727799226129
124.31,0.06238630617975338,-0.06238630617975338
124.311,0.06644765885036685,-0.06644765885036685
124.312,0.06326391039516499,-0.06326391039516499
124.313,0.05476644418890342,-0.05476644418890342
124.314,0.044304718061624726,-0.044304718061624726
124.315,0.03512971624161754,-0.03512971624161754
124.316,0.02912468531134016,-0.02912468531134016
124.317,0.02624440515632942,-0.02624440515632942
124.318,0.024820738548760213,-0.024820738548760213
124.319,0.022546776927145906,-0.022546776927145906
124.32,0.01769472958909346,-0.01769472958909346
124.321,0.01004661726762357,-0.01004661726762357
124.322,0.0011445962491711814,-0.0011445962491711814
124.323,0.0062541875870112396,0.0062541875870112396
124.324,0.009313070578604643,0.009313070578604643
124.325,0.006395812641739607,0.006395812641739607
124.326,0.002025688347738419,-0.002025688347738419
124.327,0.013227067414911087,-0.013227067414911087
124.328,0.022965709263463197,-0.022965709263463197
124.329,0.026882804324462883,-0.026882804324462883
124.33,0.022105025313835402,-0.022105025313835402
124.331,0.008481760234361646,-0.008481760234361646
124.332,0.01100470158984157,0.01100470158984157
124.333,0.030853552966689568,0.030853552966689568
124.334,0.04454335047905045,0.04454335047905045
124.335,0.046474617060848766,0.046474617060848766
124.336,0.03376076360463909,0.03376076360463909
124.337,0.0073043993372892135,0.0073043993372892135
124.338,0.028191957804549195,-0.028191957804549195
124.339,0.06531118802206448,-0.06531118802206448
124.34,0.09580619056354078,-0.09580619056354078
124.341,0.1127536767840348,-0.1127536767840348
124.342,0.11237423745887165,-0.11237423745887165
124.343,0.09501883082367268,-0.09501883082367268
124.344,0.06506292473197128,-0.06506292473197128
124.345,0.029753363584163695,-0.029753363584163695
124.346,0.0026680328296699862,0.0026680328296699862
124.347,0.025059991140749638,0.025059991140749638
124.348,0.03315204168658492,0.03315204168658492
124.349,0.026545765405159072,0.026545765405159072
124.35,0.008710214719374498,0.008710214719374498
124.351,0.014009187872611184,-0.014009187872611184
124.352,0.03410697405917029,-0.03410697405917029
124.353,0.04492481078910071,-0.04492481078910071
124.354,0.04244717524936248,-0.04244717524936248
124.355,0.026432830681834885,-0.026432830681834885
124.356,0.0005853352544574753,-0.0005853352544574753
124.357,0.02830474185653653,0.02830474185653653
124.358,0.05205920649899998,0.05205920649899998
124.359,0.06324543248004755,0.06324543248004755
124.36,0.05720293497247808,0.05720293497247808
124.361,0.03341968332047096,0.03341968332047096
124.362,0.004145617857816197,-0.004145617857816197
124.363,0.04793845370057004,-0.04793845370057004
124.364,0.08870138344640766,-0.08870138344640766
124.365,0.11790626383274116,-0.11790626383274116
124.366,0.13006052846793248,-0.13006052846793248
124.367,0.12421567379328635,-0.12421567379328635
124.368,0.10419996340893356,-0.10419996340893356
124.369,0.0774516179096294,-0.0774516179096294
124.37,0.05274794134471039,-0.05274794134471039
124.371,0.03748349132416651,-0.03748349132416651
124.372,0.035327348454045615,-0.035327348454045615
124.373,0.04501439378204242,-0.04501439378204242
124.374,0.06070343167827841,-0.06070343167827841
124.375,0.0738532513302993,-0.0738532513302993
124.376,0.07607344557440632,-0.07607344557440632
124.377,0.062062162295801304,-0.062062162295801304
124.378,0.03167123280159856,-0.03167123280159856
124.379,0.009620062487092351,0.009620062487092351
124.38,0.05205116124243725,0.05205116124243725
124.381,0.08438632142986435,0.08438632142986435
124.382,0.09732598331938402,0.09732598331938402
124.383,0.08643800073108787,0.08643800073108787
124.384,0.05364501350676587,0.05364501350676587
124.385,0.0067507905746235775,0.0067507905746235775
124.386,0.04287926594889979,-0.04287926594889979
124.387,0.0837575703726331,-0.0837575703726331
124.388,0.10772588640716207,-0.10772588640716207
124.389,0.11229306083533808,-0.11229306083533808
124.39,0.10109353699233947,-0.10109353699233947
124.391,0.08232530254740944,-0.08232530254740944
124.392,0.06570557836838653,-0.06570557836838653
124.393,0.05898626731501466,-0.05898626731501466
124.394,0.06522367643189497,-0.06522367643189497
124.395,0.0817412798546252,-0.0817412798546252
124.396,0.1011436035909472,-0.1011436035909472
124.397,0.11403075881713576,-0.11403075881713576
124.398,0.11247070712692264,-0.11247070712692264
124.399,0.09301647948046854,-0.09301647948046854
124.4,0.058204696437190284,-0.058204696437190284
124.401,0.015991250856543404,-0.015991250856543404
124.402,0.022708163516724333,0.022708163516724333
124.403,0.047547256982157116,0.047547256982157116
124.404,0.052147977519551914,0.052147977519551914
124.405,0.03620848384635145,0.03620848384635145
124.406,0.005600758233403669,0.005600758233403669
124.407,0.029572333298237274,-0.029572333298237274
124.408,0.05829289488251377,-0.05829289488251377
124.409,0.07218522854366727,-0.07218522854366727
124.41,0.06811292380905454,-0.06811292380905454
124.411,0.04895979097881509,-0.04895979097881509
124.412,0.022375588932623258,-0.022375588932623258
124.413,0.0020292095594554027,0.0020292095594554027
124.414,0.016032119249245635,0.016032119249245635
124.415,0.015520624390348958,0.015520624390348958
124.416,0.0016666286660238505,0.0016666286660238505
124.417,0.019800483942441605,-0.019800483942441605
124.418,0.04089693922992299,-0.04089693922992299
124.419,0.0543895764324559,-0.0543895764324559
124.42,0.056402103678215854,-0.056402103678215854
124.421,0.04769290489669853,-0.04769290489669853
124.422,0.03317503074015604,-0.03317503074015604
124.423,0.01989405685393386,-0.01989405685393386
124.424,0.014235589943584759,-0.014235589943584759
124.425,0.019403010073364646,-0.019403010073364646
124.426,0.034095173631311204,-0.034095173631311204
124.427,0.0528685060266989,-0.0528685060266989
124.428,0.06805286971466973,-0.06805286971466973
124.429,0.0725290770660314,-0.0725290770660314
124.43,0.062368753452330505,-0.062368753452330505
124.431,0.038391051993114655,-0.038391051993114655
124.432,0.006081103986482428,-0.006081103986482428
124.433,0.026102350285254428,0.026102350285254428
124.434,0.04943847026986803,0.04943847026986803
124.435,0.05773723425047117,0.05773723425047117
124.436,0.049265973965886056,0.049265973965886056
124.437,0.02718297408513748,0.02718297408513748
124.438,0.0016184036782730393,-0.0016184036782730393
124.439,0.028806254970265788,-0.028806254970265788
124.44,0.047230678527922176,-0.047230678527922176
124.441,0.05298434860857104,-0.05298434860857104
124.442,0.04626321897504937,-0.04626321897504937
124.443,0.03084166604701144,-0.03084166604701144
124.444,0.012467829006520215,-0.012467829006520215
124.445,0.003165199022219012,0.003165199022219012
124.446,0.01212732242308534,0.01212732242308534
124.447,0.01308229291639007,0.01308229291639007
124.448,0.007065543088254245,0.007065543088254245
124.449,0.003549469240868186,-0.003549469240868186
124.45,0.01636208039257503,-0.01636208039257503
124.451,0.029937297330354884,-0.029937297330354884
124.452,0.04407036654046981,-0.04407036654046981
124.453,0.05925978540227017,-0.05925978540227017
124.454,0.07568950974876953,-0.07568950974876953
124.455,0.09225198428631864,-0.09225198428631864
124.456,0.10614571629486458,-0.10614571629486458
124.457,0.1133505940275722,-0.1133505940275722
124.458,0.10991074802219358,-0.10991074802219358
124.459,0.09358722828106658,-0.09358722828106658
124.46,0.06523133822090454,-0.06523133822090454
124.461,0.02926713553050353,-0.02926713553050353
124.462,0.007043159534001031,0.007043159534001031
124.463,0.0354420529364976,0.0354420529364976
124.464,0.04909324082578892,0.04909324082578892
124.465,0.04478155335818945,0.04478155335818945
124.466,0.024124701714960617,0.024124701714960617
124.467,0.006677470701119237,-0.006677470701119237
124.468,0.038551166381365576,-0.038551166381365576
124.469,0.06221336200559224,-0.06221336200559224
124.47,0.07095495928173456,-0.07095495928173456
124.471,0.06264693950766087,-0.06264693950766087
124.472,0.040320492894826865,-0.040320492894826865
124.473,0.01113924744561856,-0.01113924744561856
124.474,0.015890604112705375,0.015890604112705375
124.475,0.03271899023691893,0.03271899023691893
124.476,0.03465625525345395,0.03465625525345395
124.477,0.021633887999868096,0.021633887999868096
124.478,0.0020289376229097877,-0.0020289376229097877
124.479,0.02920281282372117,-0.02920281282372117
124.48,0.052289572354746294,-0.052289572354746294
124.481,0.06553203054708423,-0.06553203054708423
124.482,0.06655784231353779,-0.06655784231353779
124.483,0.056727183855960206,-0.056727183855960206
124.484,0.04028232836314494,-0.04028232836314494
124.485,0.02269516113737835,-0.02269516113737835
124.486,0.008840503585569537,-0.008840503585569537
124.487,0.001619567226393115,-0.001619567226393115
124.488,0.0014374662802897342,-0.0014374662802897342
124.489,0.006596335189254066,-0.006596335189254066
124.49,0.014333802093566828,-0.014333802093566828
124.491,0.022035161585737706,-0.022035161585737706
124.492,0.0281402873814951,-0.0281402873814951
124.493,0.032440349438888294,-0.032440349438888294
124.494,0.03573456878024306,-0.03573456878024306
124.495,0.03907992774114499,-0.03907992774114499
124.496,0.043014909854327876,-0.043014909854327876
124.497,0.047120160150324386,-0.047120160150324386
124.498,0.05011066385551077,-0.05011066385551077
124.499,0.05041081742898823,-0.05041081742898823
124.5,0.04694810272857253,-0.04694810272857253
124.501,0.03980146339054935,-0.03980146339054935
124.502,0.030396643229303466,-0.030396643229303466
124.503,0.021128735195272697,-0.021128735195272697
124.504,0.014534760614011821,-0.014534760614011821
124.505,0.012336878500146309,-0.012336878500146309
124.506,0.0147478910772888,-0.0147478910772888
124.507,0.02034310948023399,-0.02034310948023399
124.508,0.02658728232500307,-0.02658728232500307
124.509,0.030844339110753904,-0.030844339110753904
124.51,0.03149305855147899,-0.03149305855147899
124.511,0.02870577732817725,-0.02870577732817725
124.512,0.024550693761681064,-0.024550693761681064
124.513,0.022317915942584587,-0.022317915942584587
124.514,0.02525950685845013,-0.02525950685845013
124.515,0.03516782693939091,-0.03516782693939091
124.516,0.05130636703582647,-0.05130636703582647
124.517,0.07011596158931876,-0.07011596158931876
124.518,0.08587457832891765,-0.08587457832891765
124.519,0.09217351917298167,-0.09217351917298167
124.52,0.08379475091057809,-0.08379475091057809
124.521,0.058427930916656656,-0.058427930916656656
124.522,0.017700041498619035,-0.017700041498619035
124.523,0.032808068446769756,0.032808068446769756
124.524,0.084584483779504,0.084584483779504
124.525,0.12797585849636994,0.12797585849636994
124.526,0.1542669125099545,0.1542669125099545
124.527,0.15751974833533433,0.15751974833533433
124.528,0.1357451936385765,0.1357451936385765
124.529,0.09118963998084095,0.09118963998084095
124.53,0.029764885998840196,0.029764885998840196
124.531,0.04015190505942268,-0.04015190505942268
124.532,0.10921756891293899,-0.10921756891293899
124.533,0.16859550164791126,-0.16859550164791126
124.534,0.2111612242232509,-0.2111612242232509
124.535,0.23231941696516523,-0.23231941696516523
124.536,0.23041350510230607,-0.23041350510230607
124.537,0.20676599562997067,-0.20676599562997067
124.538,0.16539811386902725,-0.16539811386902725
124.539,0.11246335636971716,-0.11246335636971716
124.54,0.055422947205866935,-0.055422947205866935
124.541,0.0020147400207607413,-0.0020147400207607413
124.542,0.040877682615861,0.040877682615861
124.543,0.06828396657688351,0.06828396657688351
124.544,0.07792295753026246,0.07792295753026246
124.545,0.07050308705791797,0.07050308705791797
124.546,0.04944259691178354,0.04944259691178354
124.547,0.020045453865455087,0.020045453865455087
124.548,0.011680977557360639,-0.011680977557360639
124.549,0.04027337156508515,-0.04027337156508515
124.55,0.061810296078473104,-0.061810296078473104
124.551,0.07442340690095417,-0.07442340690095417
124.552,0.07823904404023863,-0.07823904404023863
124.553,0.0748456610762207,-0.0748456610762207
124.554,0.0665220132939599,-0.0665220132939599
124.555,0.055511786742468594,-0.055511786742468594
124.556,0.043575459345271406,-0.043575459345271406
124.557,0.03191304722899502,-0.03191304722899502
124.558,0.021387336889549635,-0.021387336889549635
124.559,0.012852236512440274,-0.012852236512440274
124.56,0.0073556131426026905,-0.0073556131426026905
124.561,0.006055070156090081,-0.006055070156090081
124.562,0.009830532005907555,-0.009830532005907555
124.563,0.01873875769121358,-0.01873875769121358
124.564,0.03156266808205599,-0.03156266808205599
124.565,0.04571241748141641,-0.04571241748141641
124.566,0.057625617399263196,-0.057625617399263196
124.567,0.06362742970571633,-0.06362742970571633
124.568,0.0610176198259379,-0.0610176198259379
124.569,0.04902873686349807,-0.04902873686349807
124.57,0.029301922198965547,-0.029301922198965547
124.571,0.005663242244197453,-0.005663242244197453
124.572,0.016788726710566637,0.016788726710566637
124.573,0.033033955720900954,0.033033955720900954
124.574,0.03950766869889777,0.03950766869889777
124.575,0.03506619950157397,0.03506619950157397
124.576,0.02123444529377272,0.02123444529377272
124.577,0.0016656229424838465,0.0016656229424838465
124.578,0.01899277687900025,-0.01899277687900025
124.579,0.03643955409724109,-0.03643955409724109
124.58,0.047825621731801604,-0.047825621731801604
124.581,0.0522873268759525,-0.0522873268759525
124.582,0.05078986309908262,-0.05078986309908262
124.583,0.04541644317218774,-0.04541644317218774
124.584,0.03842905289911969,-0.03842905289911969
124.585,0.03148332619274785,-0.03148332619274785
124.586,0.025285207891167394,-0.025285207891167394
124.587,0.019771869821078814,-0.019771869821078814
124.588,0.014668434483549375,-0.014668434483549375
124.589,0.01011013819690676,-0.01011013819690676
124.59,0.0069937338737036114,-0.0069937338737036114
124.591,0.006844374305689627,-0.006844374305689627
124.592,0.011206224142285004,-0.011206224142285004
124.593,0.020795273996548458,-0.020795273996548458
124.594,0.034793122658845266,-0.034793122658845266
124.595,0.050645608383660945,-0.050645608383660945
124.596,0.06455568901714548,-0.06455568901714548
124.597,0.07258694016671563,-0.07258694016671563
124.598,0.07202762889219927,-0.07202762889219927
124.599,0.06251491746970006,-0.06251491746970006
124.6,0.0464545012474471,-0.0464545012474471
124.601,0.028493700481847517,-0.028493700481847517
124.602,0.014142875704287738,-0.014142875704287738
124.603,0.007968820190098813,-0.007968820190098813
124.604,0.01197764487540931,-0.01197764487540931
124.605,0.024780826708236225,-0.024780826708236225
124.606,0.04189195510318133,-0.04189195510318133
124.607,0.057112662272875925,-0.057112662272875925
124.608,0.06457159143781743,-0.06457159143781743
124.609,0.060726119660099775,-0.060726119660099775
124.61,0.045623108928850686,-0.045623108928850686
124.611,0.02295697966739374,-0.02295697966739374
124.612,0.0011187200769464667,0.0011187200769464667
124.613,0.0200241420126841,0.0200241420126841
124.614,0.02891755470043189,0.02891755470043189
124.615,0.026221492725052142,0.026221492725052142
124.616,0.013965281384813899,0.013965281384813899
124.617,0.003171282469621506,-0.003171282469621506
124.618,0.019747231733562964,-0.019747231733562964
124.619,0.031663039273639226,-0.031663039273639226
124.62,0.03766627870434924,-0.03766627870434924
124.621,0.03966433642324785,-0.03966433642324785
124.622,0.04169601001350176,-0.04169601001350176
124.623,0.04793400605305698,-0.04793400605305698
124.624,0.060488820981730695,-0.060488820981730695
124.625,0.0779055759246472,-0.0779055759246472
124.626,0.09503106344152923,-0.09503106344152923
124.627,0.10444327442090429,-0.10444327442090429
124.628,0.09904805335798672,-0.09904805335798672
124.629,0.07497054586715757,-0.07497054586715757
124.63,0.033684630290674256,-0.033684630290674256
124.631,0.017485562414190525,0.017485562414190525
124.632,0.06684148322976169,0.06684148322976169
124.633,0.10143999708509255,0.10143999708509255
124.634,0.1109564377951282,0.1109564377951282
124.635,0.09105151361321129,0.09105151361321129
124.636,0.045111732978953656,0.045111732978953656
124.637,0.016280497163159047,-0.016280497163159047
124.638,0.07807228677865563,-0.07807228677865563
124.639,0.12487418450527865,-0.12487418450527865
124.64,0.1452501755991491,-0.1452501755991491
124.641,0.13485142620329194,-0.13485142620329194
124.642,0.09744890534593653,-0.09744890534593653
124.643,0.043591864082634935,-0.043591864082634935
124.644,0.012629956661952324,0.012629956661952324
124.645,0.05766243457595244,0.05766243457595244
124.646,0.08212276911543093,0.08212276911543093
124.647,0.08291804715922302,0.08291804715922302
124.648,0.06331357655732162,0.06331357655732162
124.649,0.03110857430919678,0.03110857430919678
124.65,0.0043236469045140336,-0.0043236469045140336
124.651,0.03506358954330524,-0.03506358954330524
124.652,0.056743896530233484,-0.056743896530233484
124.653,0.06912537261546758,-0.06912537261546758
124.654,0.07513860984317589,-0.07513860984317589
124.655,0.07892157652096088,-0.07892157652096088
124.656,0.08369765569172638,-0.08369765569172638
124.657,0.09032489964721424,-0.09032489964721424
124.658,0.09702899782910379,-0.09702899782910379
124.659,0.10034254829375233,-0.10034254829375233
124.66,0.09680166562365466,-0.09680166562365466
124.661,0.08467314309765783,-0.08467314309765783
124.662,0.06499800649934961,-0.06499800649934961
124.663,0.041525110935137444,-0.041525110935137444
124.664,0.01955334735177583,-0.01955334735177583
124.665,0.004129099703743311,-0.004129099703743311
124.666,0.0017063313869454255,0.0017063313869454255
124.667,0.002052156124239146,-0.002052156124239146
124.668,0.012454239180336613,-0.012454239180336613
124.669,0.024749498167091155,-0.024749498167091155
124.67,0.034170723116385915,-0.034170723116385915
124.671,0.03766387025607909,-0.03766387025607909
124.672,0.03491090850581091,-0.03491090850581091
124.673,0.028268875585404474,-0.028268875585404474
124.674,0.021667483395343634,-0.021667483395343634
124.675,0.018907799647901014,-0.018907799647901014
124.676,0.022033215093753555,-0.022033215093753555
124.677,0.030414304640104972,-0.030414304640104972
124.678,0.04091298514574526,-0.04091298514574526
124.679,0.049073941715768954,-0.049073941715768954
124.68,0.05089163375243688,-0.05089163375243688
124.681,0.044471741650707,-0.044471741650707
124.682,0.03093498614811996,-0.03093498614811996
124.683,0.014189666011674928,-0.014189666011674928
124.684,0.00037635080396647425,0.00037635080396647425
124.685,0.007821984675035587,0.007821984675035587
124.686,0.005491882048740626,0.005491882048740626
124.687,0.005920515323456055,-0.005920515323456055
124.688,0.02249990189577633,-0.02249990189577633
124.689,0.038408473340604266,-0.038408473340604266
124.69,0.04790962563488743,-0.04790962563488743
124.691,0.04739734025252096,-0.04739734025252096
124.692,0.036702380170026916,-0.036702380170026916
124.693,0.019201321112550462,-0.019201321112550462
124.694,0.0006820298702309158,-0.0006820298702309158
124.695,0.012636070894467943,0.012636070894467943
124.696,0.016228157812510524,0.016228157812510524
124.697,0.008789752473526757,0.008789752473526757
124.698,0.007364757454133675,-0.007364757454133675
124.699,0.02715149763577407,-0.02715149763577407
124.7,0.04449152975573312,-0.04449152975573312
124.701,0.05436711384357851,-0.05436711384357851
124.702,0.05443313264972072,-0.05443313264972072
124.703,0.0456362670179552,-0.0456362670179552
124.704,0.031666314105326276,-0.031666314105326276
124.705,0.017489179852530623,-0.017489179852530623
124.706,0.0075333943838978845,-0.0075333943838978845
124.707,0.004205927135735421,-0.004205927135735421
124.708,0.007265460393673484,-0.007265460393673484
124.709,0.014242256743133508,-0.014242256743133508
124.71,0.021693117596504496,-0.021693117596504496
124.711,0.026768099830570602,-0.026768099830570602
124.712,0.02845772674642888,-0.02845772674642888
124.713,0.028022990137128168,-0.028022990137128168
124.714,0.028432614602078687,-0.028432614602078687
124.715,0.03302014951517396,-0.03302014951517396
124.716,0.04388119788603928,-0.04388119788603928
124.717,0.060643084107067535,-0.060643084107067535
124.718,0.08011343567769491,-0.08011343567769491
124.719,0.09699673222812988,-0.09699673222812988
124.72,0.10547565200835418,-0.10547565200835418
124.721,0.10113089171482226,-0.10113089171482226
124.722,0.0825370440994414,-0.0825370440994414
124.723,0.05197234978361864,-0.05197234978361864
124.724,0.01498002549636146,-0.01498002549636146
124.725,0.021089813451008244,0.021089813451008244
124.726,0.04908546096414912,0.04908546096414912
124.727,0.0639590427276111,0.0639590427276111
124.728,0.06397591037664463,0.06397591037664463
124.729,0.05088474130548315,0.05088474130548315
124.73,0.029064844433106085,0.029064844433106085
124.731,0.004003934071434623,0.004003934071434623
124.732,0.019343609093576686,-0.019343609093576686
124.733,0.0377736368730357,-0.0377736368730357
124.734,0.050275299959281816,-0.050275299959281816
124.735,0.05765593277747827,-0.05765593277747827
124.736,0.06160114361325941,-0.06160114361325941
124.737,0.06360623654784792,-0.06360623654784792
124.738,0.06422217832564436,-0.06422217832564436
124.739,0.0628979565831983,-0.0628979565831983
124.74,0.05844099811501913,-0.05844099811501913
124.741,0.049862011045841426,-0.049862011045841426
124.742,0.037217829064372654,-0.037217829064372654
124.743,0.02207073344721766,-0.02207073344721766
124.744,0.007338681720861273,-0.007338681720861273
124.745,0.003446023926915842,0.003446023926915842
124.746,0.007217109581034498,0.007217109581034498
124.747,0.002404068995775832,0.002404068995775832
124.748,0.010467294835993068,-0.010467294835993068
124.749,0.028829459223649323,-0.028829459223649323
124.75,0.0487744328086378,-0.0487744328086378
124.751,0.06616574033000389,-0.06616574033000389
124.752,0.0777881704675415,-0.0777881704675415
124.753,0.0821627650369181,-0.0821627650369181
124.754,0.07978676936853579,-0.07978676936853579
124.755,0.07276795350535992,-0.07276795350535992
124.756,0.06402927237917355,-0.06402927237917355
124.757,0.056387988090478625,-0.056387988090478625
124.758,0.051821463177348925,-0.051821463177348925
124.759,0.051126080806283225,-0.051126080806283225
124.76,0.05400551239298601,-0.05400551239298601
124.761,0.059460967394499686,-0.059460967394499686
124.762,0.06626297581391394,-0.06626297581391394
124.763,0.07329314901890593,-0.07329314901890593
124.764,0.0796430509300643,-0.0796430509300643
124.765,0.0844966235523309,-0.0844966235523309
124.766,0.08693801818978564,-0.08693801818978564
124.767,0.08586584754489857,-0.08586584754489857
124.768,0.0801398488852958,-0.0801398488852958
124.769,0.06896094830326527,-0.06896094830326527
124.77,0.052347199530707766,-0.052347199530707766
124.771,0.03148106463680833,-0.03148106463680833
124.772,0.008713719143586984,-0.008713719143586984
124.773,0.012874774335903227,0.012874774335903227
124.774,0.030283457606279374,0.030283457606279374
124.775,0.04151957011887197,0.04151957011887197
124.776,0.04631033475156343,0.04631033475156343
124.777,0.04629459264160851,0.04629459264160851
124.778,0.04455326182405095,0.04455326182405095
124.779,0.04457394533597858,0.04457394533597858
124.78,0.04897006527217296,0.04897006527217296
124.781,0.05840016221942168,0.05840016221942168
124.782,0.07110170131050575,0.07110170131050575
124.783,0.08326486948163003,0.08326486948163003
124.784,0.09018417095777842,0.09018417095777842
124.785,0.08783897570431654,0.08783897570431654
124.786,0.0743743267039707,0.0743743267039707
124.787,0.05095280347313169,0.05095280347313169
124.788,0.0216377426029859,0.0216377426029859
124.789,0.007710512511812206,-0.007710512511812206
124.79,0.031199223779185048,-0.031199223779185048
124.791,0.04475709866123245,-0.04475709866123245
124.792,0.04745056424537264,-0.04745056424537264
124.793,0.04179769024086655,-0.04179769024086655
124.794,0.03294450949774397,-0.03294450949774397
124.795,0.026954874925947725,-0.026954874925947725
124.796,0.02877434788313571,-0.02877434788313571
124.797,0.040550888476562186,-0.040550888476562186
124.798,0.06088372104473072,-0.06088372104473072
124.799,0.08526133391833812,-0.08526133391833812
124.8,0.1075452525758982,-0.1075452525758982
124.801,0.12199757566059755,-0.12199757566059755
124.802,0.12516259303028254,-0.12516259303028254
124.803,0.11696285229425285,-0.11696285229425285
124.804,0.10064188180747913,-0.10064188180747913
124.805,0.08158569516619962,-0.08158569516619962
124.806,0.06544403112778396,-0.06544403112778396
124.807,0.05621401336952858,-0.05621401336952858
124.808,0.05495847728911918,-0.05495847728911918
124.809,0.059604597368748125,-0.059604597368748125
124.81,0.06588448063626107,-0.06588448063626107
124.811,0.06907242690842674,-0.06907242690842674
124.812,0.06588663772878445,-0.06588663772878445
124.813,0.05585799681264425,-0.05585799681264425
124.814,0.04164984565781926,-0.04164984565781926
124.815,0.028179232876671234,-0.028179232876671234
124.816,0.02081578898934633,-0.02081578898934633
124.817,0.02327161218990048,-0.02327161218990048
124.818,0.03592626975723545,-0.03592626975723545
124.819,0.05520731866737372,-0.05520731866737372
124.82,0.07430740013832948,-0.07430740013832948
124.821,0.0850762345572671,-0.0850762345572671
124.822,0.0805273670126675,-0.0805273670126675
124.823,0.05717843153402624,-0.05717843153402624
124.824,0.01647414479245146,-0.01647414479245146
124.825,0.03518589162951091,0.03518589162951091
124.826,0.08786562693912048,0.08786562693912048
124.827,0.1305649422823416,0.1305649422823416
124.828,0.15403470481075177,0.15403470481075177
124.829,0.1531268592805055,0.1531268592805055
124.83,0.12802320550580304,0.12802320550580304
124.831,0.08403141744062603,0.08403141744062603
124.832,0.03006238929600835,0.03006238929600835
124.833,0.023724442623803355,-0.023724442623803355
124.834,0.06841235940277357,-0.06841235940277357
124.835,0.09826878914660475,-0.09826878914660475
124.836,0.11166071977224024,-0.11166071977224024
124.837,0.11080153029634321,-0.11080153029634321
124.838,0.10053328863660349,-0.10053328863660349
124.839,0.0866022524094262,-0.0866022524094262
124.84,0.07397769593850412,-0.07397769593850412
124.841,0.06568295581496364,-0.06568295581496364
124.842,0.06239554136156522,-0.06239554136156522
124.843,0.06280963427152231,-0.06280963427152231
124.844,0.06452647029124192,-0.06452647029124192
124.845,0.06511237247260893,-0.06511237247260893
124.846,0.06296717021181475,-0.06296717021181475
124.847,0.057759925193774375,-0.057759925193774375
124.848,0.05036339837744097,-0.05036339837744097
124.849,0.04238963618945002,-0.04238963618945002
124.85,0.03554196291776002,-0.03554196291776002
124.851,0.03102521524709978,-0.03102521524709978
124.852,0.029200075374869794,-0.029200075374869794
124.853,0.02955934129221105,-0.02955934129221105
124.854,0.030987271822862872,-0.030987271822862872
124.855,0.032177605827636846,-0.032177605827636846
124.856,0.032054820086533486,-0.032054820086533486
124.857,0.030067960997733123,-0.030067960997733123
124.858,0.026289128522195004,-0.026289128522195004
124.859,0.021321637098982826,-0.021321637098982826
124.86,0.01607967999851656,-0.01607967999851656
124.861,0.011526172486837294,-0.011526172486837294
124.862,0.008446925291732854,-0.008446925291732854
124.863,0.007308265860367258,-0.007308265860367258
124.864,0.008208410073674122,-0.008208410073674122
124.865,0.010905250185074933,-0.010905250185074933
124.866,0.01489228114002683,-0.01489228114002683
124.867,0.019498528032288576,-0.019498528032288576
124.868,0.02399932283897721,-0.02399932283897721
124.869,0.02773284902721662,-0.02773284902721662
124.87,0.030216460508464382,-0.030216460508464382
124.871,0.031247471411268712,-0.031247471411268712
124.872,0.030962129435723962,-0.030962129435723962
124.873,0.02982307267665929,-0.02982307267665929
124.874,0.028516499348393842,-0.028516499348393842
124.875,0.027765803072517525,-0.027765803072517525
124.876,0.02810108218866325,-0.02810108218866325
124.877,0.029650899524028218,-0.029650899524028218
124.878,0.0320308399554482,-0.0320308399554482
124.879,0.03438515521589758,-0.03438515521589758
124.88,0.03559500178582076,-0.03559500178582076
124.881,0.034611435693647996,-0.034611435693647996
124.882,0.030821978280356155,-0.030821978280356155
124.883,0.024334939421986723,-0.024334939421986723
124.884,0.016077646754503516,-0.016077646754503516
124.885,0.007653249546371921,-0.007653249546371921
124.886,0.0009728925242733499,-0.0009728925242733499
124.887,0.0022464841651996803,0.0022464841651996803
124.888,0.0009781067804393029,0.0009781067804393029
124.889,0.004774482878449504,-0.004774482878449504
124.89,0.013904689536952453,-0.013904689536952453
124.891,0.024433922627600357,-0.024433922627600357
124.892,0.03399274090510673,-0.03399274090510673
124.893,0.040421466869032585,-0.040421466869032585
124.894,0.04232066100918175,-0.04232066100918175
124.895,0.03939398199642996,-0.03939398199642996
124.896,0.03248638991650543,-0.03248638991650543
124.897,0.023311132718169425,-0.023311132718169425
124.898,0.013951511428755059,-0.013951511428755059
124.899,0.006289214693678158,-0.006289214693678158
124.9,0.0015295813964808502,-0.0015295813964808502
124.901,4.0047102291440595e-05,4.0047102291440595e-05
124.902,0.0010014787265024694,-0.0010014787265024694
124.903,0.0035216257471600843,-0.0035216257471600843
124.904,0.00629383036751241,-0.00629383036751241
124.905,0.008447706372281427,-0.008447706372281427
124.906,0.00976119923014751,-0.00976119923014751
124.907,0.010701860838056687,-0.010701860838056687
124.908,0.012209497806335845,-0.012209497806335845
124.909,0.015299022728807232,-0.015299022728807232
124.91,0.02062230246004937,-0.02062230246004937
124.911,0.02814178411167323,-0.02814178411167323
124.912,0.03703228265722891,-0.03703228265722891
124.913,0.045852473245329484,-0.045852473245329484
124.914,0.052938737343795506,-0.052938737343795506
124.915,0.05689998793430795,-0.05689998793430795
124.916,0.05705701415243791,-0.05705701415243791
124.917,0.05368514229702648,-0.05368514229702648
124.918,0.04797965140423355,-0.04797965140423355
124.919,0.04174973827517103,-0.04174973827517103
124.92,0.03693098048618315,-0.03693098048618315
124.921,0.035061200969983886,-0.035061200969983886
124.922,0.03687318088775282,-0.03687318088775282
124.923,0.04211796909707355,-0.04211796909707355
124.924,0.04965860981097059,-0.04965860981097059
124.925,0.05779095319657723,-0.05779095319657723
124.926,0.06468325861492319,-0.06468325861492319
124.927,0.06880007153641288,-0.06880007153641288
124.928,0.06919505107586621,-0.06919505107586621
124.929,0.065612838243985,-0.065612838243985
124.93,0.05841009673345887,-0.05841009673345887
124.931,0.04836448649954306,-0.04836448649954306
124.932,0.03646659281479436,-0.03646659281479436
124.933,0.02377559114870631,-0.02377559114870631
124.934,0.01137240351781088,-0.01137240351781088
124.935,0.0003850126735068793,-0.0003850126735068793
124.936,0.007984717780217698,0.007984717780217698
124.937,0.012514060493858947,0.012514060493858947
124.938,0.012142389438901668,0.012142389438901668
124.939,0.006271030316286064,0.006271030316286064
124.94,0.004903743201470023,-0.004903743201470023
124.941,0.020156274362039928,-0.020156274362039928
124.942,0.03722821597542225,-0.03722821597542225
124.943,0.05313435600914351,-0.05313435600914351
124.944,0.06475830516497261,-0.06475830516497261
124.945,0.06960982116348269,-0.06960982116348269
124.946,0.06653437551593755,-0.06653437551593755
124.947,0.056146093344617176,-0.056146093344617176
124.948,0.04081259179523178,-0.04081259179523178
124.949,0.024143524239360614,-0.024143524239360614
124.95,0.01008816704063531,-0.01008816704063531
124.951,0.0018814431030768075,-0.0018814431030768075
124.952,0.0011450399698462732,-0.0011450399698462732
124.953,0.007422688712464431,-0.007422688712464431
124.954,0.018308644038698474,-0.018308644038698474
124.955,0.030150056842896955,-0.030150056842896955
124.956,0.039123209174630635,-0.039123209174630635
124.957,0.042360221133623144,-0.042360221133623144
124.958,0.03878001517501062,-0.03878001517501062
124.959,0.0293660816408422,-0.0293660816408422
124.96,0.016807736330015755,-0.016807736330015755
124.961,0.004625266446042109,-0.004625266446042109
124.962,0.0039346765395891214,0.0039346765395891214
124.963,0.006874878110703975,0.006874878110703975
124.964,0.003982763404434264,0.003982763404434264
124.965,0.0032360230601169437,-0.0032360230601169437
124.966,0.012182657249843687,-0.012182657249843687
124.967,0.020118057834274006,-0.020118057834274006
124.968,0.02510600011840025,-0.02510600011840025
124.969,0.026619442292190598,-0.026619442292190598
124.97,0.025607530234108666,-0.025607530234108666
124.971,0.02401514456896936,-0.02401514456896936
124.972,0.023942616319455934,-0.023942616319455934
124.973,0.026761001934562878,-0.026761001934562878
124.974,0.03251253359374673,-0.03251253359374673
124.975,0.03982123592960518,-0.03982123592960518
124.976,0.046352383946051345,-0.046352383946051345
124.977,0.0496581676734994,-0.0496581676734994
124.978,0.04810320551456371,-0.04810320551456371
124.979,0.04152983602876803,-0.04152983602876803
124.98,0.031412622052328754,-0.031412622052328754
124.981,0.020433059243613938,-0.020433059243613938
124.982,0.011614365145013239,-0.011614365145013239
124.983,0.007317179251992267,-0.007317179251992267
124.984,0.008451337288019167,-0.008451337288019167
124.985,0.014185851351033896,-0.014185851351033896
124.986,0.022263912912240724,-0.022263912912240724
124.987,0.029814404931565064,-0.029814404931565064
124.988,0.034373325573607616,-0.034373325573607616
124.989,0.034752119391504244,-0.034752119391504244
124.99,0.0314433603854013,-0.0314433603854013
124.991,0.026418996719242305,-0.026418996719242305
124.992,0.022393600652571788,-0.022393600652571788
124.993,0.021816694913658008,-0.021816694913658008
124.994,0.025955149049890602,-0.025955149049890602
124.995,0.03439383127425655,-0.03439383127425655
124.996,0.045132041078331686,-0.045132041078331686
124.997,0.055239321054649126,-0.055239321054649126
124.998,0.06183456416418864,-0.06183456416418864
124.999,0.06303911661060246,-0.06303911661060246
125.0,0.058568400007091626,-0.058568400007091626
125.001,0.049761536094285574,-0.049761536094285574
125.002,0.03905436713560151,-0.03905436713560151
125.003,0.029102138551714285,-0.029102138551714285
125.004,0.021880183129851516,-0.021880183129851516
125.005,0.018089934323934242,-0.018089934323934242
125.006,0.017075097604686174,-0.017075097604686174
125.007,0.017255710462002805,-0.017255710462002805
125.008,0.01689083517169887,-0.01689083517169887
125.009,0.014858348144524136,-0.014858348144524136
125.01,0.011139123215079705,-0.011139123215079705
125.011,0.006813376196701859,-0.006813376196701859
125.012,0.0035730936549481784,-0.0035730936549481784
125.013,0.0029508306754857383,-0.0029508306754857383
125.014,0.005585066803338035,-0.005585066803338035
125.015,0.010837160296695458,-0.010837160296695458
125.016,0.016943367984862623,-0.016943367984862623
125.017,0.021674910769107103,-0.021674910769107103
125.018,0.023269212157398633,-0.023269212157398633
125.019,0.021268390141386706,-0.021268390141386706
125.02,0.016910391957472903,-0.016910391957472903
125.021,0.012867372664457477,-0.012867372664457477
125.022,0.012365330827562082,-0.012365330827562082
125.023,0.017962315885923008,-0.017962315885923008
125.024,0.030417697405126787,-0.030417697405126787
125.025,0.04808845466189393,-0.04808845466189393
125.026,0.0671298838645189,-0.0671298838645189
125.027,0.08250653845319622,-0.08250653845319622
125.028,0.0895274529765101,-0.0895274529765101
125.029,0.08541234689974508,-0.08541234689974508
125.03,0.0703514456151384,-0.0703514456151384
125.031,0.04766453577923202,-0.04766453577923202
125.032,0.022952957996183576,-0.022952957996183576
125.033,0.0024764886937846953,-0.0024764886937846953
125.034,0.008740538166122525,0.008740538166122525
125.035,0.008459755781103917,0.008459755781103917
125.036,0.002082277209322192,-0.002082277209322192
125.037,0.018590479548105554,-0.018590479548105554
125.038,0.03511335494197565,-0.03511335494197565
125.039,0.04598071704910123,-0.04598071704910123
125.04,0.04764253676522978,-0.04764253676522978
125.041,0.039800884841839745,-0.039800884841839745
125.042,0.025458047552370133,-0.025458047552370133
125.043,0.00986364464138867,-0.00986364464138867
125.044,0.0012884089991225256,0.0012884089991225256
125.045,0.003810008681019772,0.003810008681019772
125.046,0.0035380657202784827,-0.0035380657202784827
125.047,0.018596184636235358,-0.018596184636235358
125.048,0.03650403611581721,-0.03650403611581721
125.049,0.051318655460339535,-0.051318655460339535
125.05,0.05801662691775211,-0.05801662691775211
125.051,0.05421550301169653,-0.05421550301169653
125.052,0.0410407118697399,-0.0410407118697399
125.053,0.022844670595515426,-0.022844670595515426
125.054,0.00586080466735317,-0.00586080466735317
125.055,0.0037775385497424985,0.0037775385497424985
125.056,0.0020179197657801407,0.0020179197657801407
125.057,0.011764361054997674,-0.011764361054997674
125.058,0.034482048041567626,-0.034482048041567626
125.059,0.06020371110060263,-0.06020371110060263
125.06,0.08190065074034203,-0.08190065074034203
125.061,0.09353035824661138,-0.09353035824661138
125.062,0.0918195178333,-0.0918195178333
125.063,0.07721470177991718,-0.07721470177991718
125.064,0.05373417730369401,-0.05373417730369401
125.065,0.027791489813708936,-0.027791489813708936
125.066,0.006364091620400081,-0.006364091620400081
125.067,0.004942374581377473,0.004942374581377473
125.068,0.0033785824526086916,0.0033785824526086916
125.069,0.010311728017442068,-0.010311728017442068
125.07,0.03223413479407233,-0.03223413479407233
125.071,0.05651096663585875,-0.05651096663585875
125.072,0.0768994311625194,-0.0768994311625194
125.073,0.08839007707462732,-0.08839007707462732
125.074,0.08836050597355272,-0.08836050597355272
125.075,0.07701958284459254,-0.07701958284459254
125.076,0.05709548710571599,-0.05709548710571599
125.077,0.03292881647155743,-0.03292881647155743
125.078,0.00927228246138001,-0.00927228246138001
125.079,0.009859769175642796,0.009859769175642796
125.08,0.02200485626386728,0.02200485626386728
125.081,0.026567334019590882,0.026567334019590882
125.082,0.024624857670104916,0.024624857670104916
125.083,0.01834953679470619,0.01834953679470619
125.084,0.01024926068520604,0.01024926068520604
125.085,0.0024521833708459617,0.0024521833708459617
125.086,0.00378464141484125,-0.00378464141484125
125.087,0.008243509491319245,-0.008243509491319245
125.088,0.011588206602492046,-0.011588206602492046
125.089,0.014961882184523323,-0.014961882184523323
125.09,0.019477646415407612,-0.019477646415407612
125.091,0.025755035209822474,-0.025755035209822474
125.092,0.033632773062991284,-0.033632773062991284
125.093,0.04213476082076961,-0.04213476082076961
125.094,0.04969568802706792,-0.04969568802706792
125.095,0.05458193186371052,-0.05458193186371052
125.096,0.05538939346089322,-0.05538939346089322
125.097,0.051476438743011665,-0.051476438743011665
125.098,0.04320449646028046,-0.04320449646028046
125.099,0.03190936168835157,-0.03190936168835157
125.1,0.019601126746628728,-0.019601126746628728
125.101,0.008470044367735463,-0.008470044367735463
125.102,0.0003362723273067081,-0.0003362723273067081
125.103,0.003796499747197757,0.003796499747197757
125.104,0.00394972485976175,0.00394972485976175
125.105,0.0010766010697442763,0.0010766010697442763
125.106,0.003304641263271235,-0.003304641263271235
125.107,0.007634228316194536,-0.007634228316194536
125.108,0.010821565308236303,-0.010821565308236303
125.109,0.012575084142878445,-0.012575084142878445
125.11,0.013441202148129494,-0.013441202148129494
125.111,0.014539835311188853,-0.014539835311188853
125.112,0.017088686827177457,-0.017088686827177457
125.113,0.02188430659849716,-0.02188430659849716
125.114,0.028926833980411293,-0.028926833980411293
125.115,0.03732849867642929,-0.03732849867642929
125.116,0.04554764008175638,-0.04554764008175638
125.117,0.05187364491659541,-0.05187364491659541
125.118,0.054995134473980856,-0.054995134473980856
125.119,0.05444848562500948,-0.05444848562500948
125.12,0.05078115228976132,-0.05078115228976132
125.121,0.04536311680104976,-0.04536311680104976
125.122,0.039906097253254114,-0.039906097253254114
125.123,0.03585855952269734,-0.03585855952269734
125.124,0.033894812705523414,-0.033894812705523414
125.125,0.033688196906233925,-0.033688196906233925
125.126,0.03405947600573411,-0.03405947600573411
125.127,0.03345611518580471,-0.03345611518580471
125.128,0.030594738672786725,-0.030594738672786725
125.129,0.025033354273481967,-0.025033354273481967
125.13,0.01745767428008005,-0.01745767428008005
125.131,0.009562933579066568,-0.009562933579066568
125.132,0.0035556962678086057,-0.0035556962678086057
125.133,0.001438264260612443,-0.001438264260612443
125.134,0.004321102958888101,-0.004321102958888101
125.135,0.012004965364477371,-0.012004965364477371
125.136,0.022983893499523678,-0.022983893499523678
125.137,0.03487440890067861,-0.03487440890067861
125.138,0.04512701664664942,-0.04512701664664942
125.139,0.05177752778006495,-0.05177752778006495
125.14,0.05398361739216906,-0.05398361739216906
125.141,0.052171094907541904,-0.052171094907541904
125.142,0.04775582695074221,-0.04775582695074221
125.143,0.04255934036171771,-0.04255934036171771
125.144,0.03814299748421257,-0.03814299748421257
125.145,0.03530804691691225,-0.03530804691691225
125.146,0.033938895533341285,-0.033938895533341285
125.147,0.03323118743950526,-0.03323118743950526
125.148,0.032196067822099717,-0.032196067822099717
125.149,0.0302244235750474,-0.0302244235750474
125.15,0.027471282534694552,-0.027471282534694552
125.151,0.0248907820863149,-0.0248907820863149
125.152,0.023890428413764542,-0.023890428413764542
125.153,0.025727610153579494,-0.025727610153579494
125.154,0.030882272724320092,-0.030882272724320092
125.155,0.03866327657330748,-0.03866327657330748
125.156,0.04723038058879214,-0.04723038058879214
125.157,0.05406445048971864,-0.05406445048971864
125.158,0.05674939461766759,-0.05674939461766759
125.159,0.05380343081734229,-0.05380343081734229
125.16,0.04526316561607591,-0.04526316561607591
125.161,0.032797415388633344,-0.032797415388633344
125.162,0.01928517167580801,-0.01928517167580801
125.163,0.007978622018571468,-0.007978622018571468
125.164,0.0015208951669372084,-0.0015208951669372084
125.165,0.0011448880858763166,-0.0011448880858763166
125.166,0.0063223139196167955,-0.0063223139196167955
125.167,0.014979960923919289,-0.014979960923919289
125.168,0.024206355670347013,-0.024206355670347013
125.169,0.0312051005928885,-0.0312051005928885
125.17,0.034170147348869584,-0.034170147348869584
125.171,0.032791394277130514,-0.032791394277130514
125.172,0.02823350905169597,-0.02823350905169597
125.173,0.02261781582107314,-0.02261781582107314
125.174,0.01820919019349998,-0.01820919019349998
125.175,0.016606097702206557,-0.016606097702206557
125.176,0.01821936013989156,-0.01821936013989156
125.177,0.022210933339097294,-0.022210933339097294
125.178,0.02689166815608468,-0.02689166815608468
125.179,0.030410688999987667,-0.030410688999987667
125.18,0.0314691616609134,-0.0314691616609134
125.181,0.029792694824231303,-0.029792694824231303
125.182,0.026196232376066386,-0.026196232376066386
125.183,0.022233612377604905,-0.022233612377604905
125.184,0.019580547029325546,-0.019580547029325546
125.185,0.019395996533205784,-0.019395996533205784
125.186,0.021907845641116697,-0.021907845641116697
125.187,0.026375968650084403,-0.026375968650084403
125.188,0.03143610677118225,-0.03143610677118225
125.189,0.035679462966571984,-0.035679462966571984
125.19,0.038232455931930476,-0.038232455931930476
125.191,0.03910295785872231,-0.03910295785872231
125.192,0.03915237455749909,-0.03915237455749909
125.193,0.03970105207377983,-0.03970105207377983
125.194,0.04192060211653592,-0.04192060211653592
125.195,0.04625441861477175,-0.04625441861477175
125.196,0.052102649582330685,-0.052102649582330685
125.197,0.057911145585873514,-0.057911145585873514
125.198,0.06165134762391389,-0.06165134762391389
125.199,0.06152712831363105,-0.06152712831363105
125.2,0.05665258836262432,-0.05665258836262432
125.201,0.04744734273748208,-0.04744734273748208
125.202,0.03559328135879414,-0.03559328135879414
125.203,0.02355397156094563,-0.02355397156094563
125.204,0.013817031937383262,-0.013817031937383262
125.205,0.008122087907763809,-0.008122087907763809
125.206,0.006944248918208995,-0.006944248918208995
125.207,0.009412323059742267,-0.009412323059742267
125.208,0.013685246273126173,-0.013685246273126173
125.209,0.01764639314622729,-0.01764639314622729
125.21,0.019663334352220452,-0.019663334352220452
125.211,0.019140784489013907,-0.019140784489013907
125.212,0.01667346639596845,-0.01667346639596845
125.213,0.01375369625459133,-0.01375369625459133
125.214,0.012150934289744675,-0.012150934289744675
125.215,0.013197932027786519,-0.013197932027786519
125.216,0.01724821742949867,-0.01724821742949867
125.217,0.023502776656362134,-0.023502776656362134
125.218,0.03026585291034911,-0.03026585291034911
125.219,0.03553234852990572,-0.03553234852990572
125.22,0.03769023121298498,-0.03769023121298498
125.221,0.03608337306265641,-0.03608337306265641
125.222,0.031235614704185233,-0.031235614704185233
125.223,0.024663300903012275,-0.024663300903012275
125.224,0.018353238913249026,-0.018353238913249026
125.225,0.014100713513711227,-0.014100713513711227
125.226,0.012945695595072748,-0.012945695595072748
125.227,0.014900922326776422,-0.014900922326776422
125.228,0.01905210833229365,-0.01905210833229365
125.229,0.02397209244728804,-0.02397209244728804
125.23,0.028279133938304057,-0.028279133938304057
125.231,0.031125214412196178,-0.031125214412196178
125.232,0.03243718818997976,-0.03243718818997976
125.233,0.03283526690976779,-0.03283526690976779
125.234,0.03327924894729051,-0.03327924894729051
125.235,0.03459487205114109,-0.03459487205114109
125.236,0.037072950281349715,-0.037072950281349715
125.237,0.0402992763273875,-0.0402992763273875
125.238,0.04327914447353476,-0.04327914447353476
125.239,0.0448044200097677,-0.0448044200097677
125.24,0.04391822063473516,-0.04391822063473516
125.241,0.040297319468490134,-0.040297319468490134
125.242,0.03440711076180336,-0.03440711076180336
125.243,0.02737323434625505,-0.02737323434625505
125.244,0.020622126289564835,-0.020622126289564835
125.245,0.015427977679794425,-0.015427977679794425
125.246,0.012533939523818982,-0.012533939523818982
125.247,0.011980990950096082,-0.011980990950096082
125.248,0.013194002142846273,-0.013194002142846273
125.249,0.0152751320446044,-0.0152751320446044
125.25,0.01737875245029541,-0.01737875245029541
125.251,0.01901823624313015,-0.01901823624313015
125.252,0.020190612537897668,-0.020190612537897668
125.253,0.021284085745233994,-0.021284085745233994
125.254,0.022822876297019068,-0.022822876297019068
125.255,0.025167619906953265,-0.025167619906953265
125.256,0.028302685701328878,-0.028302685701328878
125.257,0.03180023682185784,-0.03180023682185784
125.258,0.03497292003973829,-0.03497292003973829
125.259,0.03714561128717808,-0.03714561128717808
125.26,0.037925680904290826,-0.037925680904290826
125.261,0.03735204928758373,-0.03735204928758373
125.262,0.035855687971650396,-0.035855687971650396
125.263,0.03404649190794817,-0.03404649190794817
125.264,0.032419132648345395,-0.032419132648345395
125.265,0.031110368866138605,-0.031110368866138605
125.266,0.029824087280513445,-0.029824087280513445
125.267,0.027972693989510522,-0.027972693989510522
125.268,0.024990632043698446,-0.024990632043698446
125.269,0.02069560162357087,-0.02069560162357087
125.27,0.015539866921323142,-0.015539866921323142
125.271,0.010624605026864464,-0.010624605026864464
125.272,0.007436199908674612,-0.007436199908674612
125.273,0.0073734394206674825,-0.0073734394206674825
125.274,0.011226049343883049,-0.011226049343883049
125.275,0.018800228862771995,-0.018800228862771995
125.276,0.028848285655321937,-0.028848285655321937
125.277,0.03935746962975584,-0.03935746962975584
125.278,0.048123167759868246,-0.048123167759868246
125.279,0.05342174647154907,-0.05342174647154907
125.28,0.05455110279008679,-0.05455110279008679
125.281,0.05204312727621163,-0.05204312727621163
125.282,0.04746196024873406,-0.04746196024873406
125.283,0.04284741051573726,-0.04284741051573726
125.284,0.03999184991419136,-0.03999184991419136
125.285,0.039803459926263884,-0.039803459926263884
125.286,0.0419834987509724,-0.0419834987509724
125.287,0.045137295291094226,-0.045137295291094226
125.288,0.047285480700653526,-0.047285480700653526
125.289,0.046598296358891456,-0.046598296358891456
125.29,0.04209380189472556,-0.04209380189472556
125.291,0.034050790138736464,-0.034050790138736464
125.292,0.023986403517974875,-0.023986403517974875
125.293,0.014201661982625069,-0.014201661982625069
125.294,0.007050463693952347,-0.007050463693952347
125.295,0.004184462229942731,-0.004184462229942731
125.296,0.006033077034749534,-0.006033077034749534
125.297,0.011692954570641123,-0.011692954570641123
125.298,0.01925584074021336,-0.01925584074021336
125.299,0.026450927695883752,-0.026450927695883752
125.3,0.031372189553907526,-0.031372189553907526
125.301,0.0330398627185704,-0.0330398627185704
125.302,0.03161364041075754,-0.03161364041075754
125.303,0.028206133976658276,-0.028206133976658276
125.304,0.024389314692356723,-0.024389314692356723
125.305,0.021591059592208417,-0.021591059592208417
125.306,0.02060676746796397,-0.02060676746796397
125.307,0.02139488928483313,-0.02139488928483313
125.308,0.023209217845029828,-0.023209217845029828
125.309,0.024990690043417252,-0.024990690043417252
125.31,0.025846979120195845,-0.025846979120195845
125.311,0.025423994656327942,-0.025423994656327942
125.312,0.024026375504245023,-0.024026375504245023
125.313,0.022451063373945757,-0.022451063373945757
125.314,0.02161557652277102,-0.02161557652277102
125.315,0.02214396344468894,-0.02214396344468894
125.316,0.02408695444401887,-0.02408695444401887
125.317,0.026894156612409126,-0.026894156612409126
125.318,0.02964962116296299,-0.02964962116296299
125.319,0.03147110581356127,-0.03147110581356127
125.32,0.031903005366007875,-0.031903005366007875
125.321,0.031132249601733997,-0.031132249601733997
125.322,0.02992671898374466,-0.02992671898374466
125.323,0.029309610593819424,-0.029309610593819424
125.324,0.030095336013647334,-0.030095336013647334
125.325,0.03247725646584776,-0.03247725646584776
125.326,0.03584698235162109,-0.03584698235162109
125.327,0.038940488990014566,-0.038940488990014566
125.328,0.04027880850532406,-0.04027880850532406
125.329,0.03874955481824416,-0.03874955481824416
125.33,0.03410845021273745,-0.03410845021273745
125.331,0.0271962452327833,-0.0271962452327833
125.332,0.019763465409950665,-0.019763465409950665
125.333,0.013939356095847177,-0.013939356095847177
125.334,0.011518948206963087,-0.011518948206963087
125.335,0.013320516996315312,-0.013320516996315312
125.336,0.01885268429579534,-0.01885268429579534
125.337,0.026427353450169555,-0.026427353450169555
125.338,0.033696875097034895,-0.033696875097034895
125.339,0.03843826014742879,-0.03843826014742879
125.34,0.0393116651712655,-0.0393116651712655
125.341,0.03632182270060158,-0.03632182270060158
125.342,0.030811603217649197,-0.030811603217649197
125.343,0.02498196823868326,-0.02498196823868326
125.344,0.021103195947641318,-0.021103195947641318
125.345,0.020696252079461575,-0.020696252079461575
125.346,0.02397802909457003,-0.02397802909457003
125.347,0.02977295953050385,-0.02977295953050385
125.348,0.035927900704105786,-0.035927900704105786
125.349,0.04008633643316828,-0.04008633643316828
125.35,0.040547152767016925,-0.040547152767016925
125.351,0.036900229943935936,-0.036900229943935936
125.352,0.030208480204112598,-0.030208480204112598
125.353,0.022666512184148724,-0.022666512184148724
125.354,0.016852433944786527,-0.016852433944786527
125.355,0.014834603587863149,-0.014834603587863149
125.356,0.017447313634855854,-0.017447313634855854
125.357,0.023989897775689162,-0.023989897775689162
125.358,0.03245415678023034,-0.03245415678023034
125.359,0.04019907754247132,-0.04019907754247132
125.36,0.04483595976764165,-0.04483595976764165
125.361,0.045016317408302475,-0.045016317408302475
125.362,0.04085332470384151,-0.04085332470384151
125.363,0.03383989752095384,-0.03383989752095384
125.364,0.02630425330563746,-0.02630425330563746
125.365,0.020603166976628784,-0.020603166976628784
125.366,0.018338174767932758,-0.018338174767932758
125.367,0.01986249119711303,-0.01986249119711303
125.368,0.024235500851979452,-0.024235500851979452
125.369,0.029619589350941222,-0.029619589350941222
125.37,0.03396007279957258,-0.03396007279957258
125.371,0.03569758003742651,-0.03569758003742651
125.372,0.034263626950979176,-0.034263626950979176
125.373,0.030200005644075878,-0.030200005644075878
125.374,0.02488490807903654,-0.02488490807903654
125.375,0.019989749015943525,-0.019989749015943525
125.376,0.016879408851547817,-0.016879408851547817
125.377,0.016175268048572278,-0.016175268048572278
125.378,0.017626529905669153,-0.017626529905669153
125.379,0.020312132743897093,-0.020312132743897093
125.38,0.02307117377898127,-0.02307117377898127
125.381,0.024980705419078375,-0.024980705419078375
125.382,0.025693548312886505,-0.025693548312886505
125.383,0.02551430557489731,-0.02551430557489731
125.384,0.025200801459348332,-0.025200801459348332
125.385,0.02558695308183556,-0.02558695308183556
125.386,0.027189568664798602,-0.027189568664798602
125.387,0.029961456031213807,-0.029961456031213807
125.388,0.03328879331018375,-0.03328879331018375
125.389,0.036229190425362545,-0.036229190425362545
125.39,0.03788926641743284,-0.03788926641743284
125.391,0.03778542843618915,-0.03778542843618915
125.392,0.036039973929236635,-0.036039973929236635
125.393,0.033332387888507786,-0.033332387888507786
125.394,0.03062518502666489,-0.03062518502666489
125.395,0.028775028594475116,-0.028775028594475116
125.396,0.028186808018691667,-0.028186808018691667
125.397,0.02865224559338797,-0.02865224559338797
125.398,0.029441708852269044,-0.029441708852269044
125.399,0.029616881802307926,-0.029616881802307926
125.4,0.028442575619305188,-0.028442575619305188
125.401,0.025733604772959495,-0.025733604772959495
125.402,0.021994465567801047,-0.021994465567801047
125.403,0.01828772924523847,-0.01828772924523847
125.404,0.01587178650063914,-0.01587178650063914
125.405,0.015739486039642925,-0.015739486039642925
125.406,0.018230934123658393,-0.018230934123658393
125.407,0.02286957666443956,-0.02286957666443956
125.408,0.02848917497293213,-0.02848917497293213
